 System Ca-Al-O-e(Spinel)
    4   18    1    3    3    3    2    2    3    3    1    1    1    1    1
    1    1    1    1    1   20
 Ca                       Al                       O
 e(Spinel)
    40.07800000              26.98153860              15.99940000
     0.00054858
   6   1   2   3   4   5   6
   6   1   2   3   4   5   6
 gas_ideal
 IDMX
 Ca
   4  4    1.0    0.0    0.0    0.0
  1773.6600      171600.93     -15.630979     -20.791789         0.00000000
     0.00000000     0.00000000
 1     0.00000000   0.00
  4200.0000      19927184.     -32491.906      2970.5188     -.12209243
 0.18267634E-05 -.49530310E+09
 2 -4984665.1      99.00  857152.09       0.50
  6000.0000      19026562.      5723.6004     -592.69950     0.16058747E-01
     0.00000000 -.20140619E+10
 1 -2724023.3      99.00
  6000.0000      12334.532      330.78693     -57.882977         0.00000000
     0.00000000     0.00000000
 1     0.00000000   0.00
 Slag-liq
 SUBQ
   2   3
 Al2O3
   4  5    0.0    2.0    3.0    0.0
  298.15000     -1604033.5     0.57960707         0.00000000     0.00000000
 0.14758777E-04     0.00000000
 3 -.19955267E-05   4.00 0.58987350E-08   5.00 -.54380533E-11   6.00
  350.15000     -1561223.7     -1673.6971      298.66000     -.63300000
     0.00000000     0.00000000
 1     0.00000000   0.00
  593.15000     -1638833.4      923.27053     -144.63210         0.00000000
     0.00000000     0.00000000
 1     0.00000000   0.00
  2327.0000     -1615242.6      1240.3272     -179.36549     0.45961240E-02
     0.00000000 -487670.49
 2 -3313.5479       0.50 -68180608.      -2.00
  10000.000     -1750988.5      1342.1159     -192.46400         0.00000000
     0.00000000     0.00000000
 1     0.00000000   0.00
  2.00000      3.00000         0.000000     0.000000     0.000000
  1.65300
 CaO
   4  2    1.0    0.0    1.0    0.0
  2845.1599     -571766.66      348.73580     -58.791171         0.00000000
     0.00000000  573573.05
 2 -535.61610       0.50 -17163136.      -2.00
  10000.000     -596946.67      379.18009     -62.760000         0.00000000
     0.00000000     0.00000000
 1     0.00000000   0.00
  1.00000      1.00000         0.000000     0.000000     0.000000
  1.37700
   2   1
 Al                       Ca
 O
  3.00000      2.00000
   1   1
  2.00000
   2
   1   2
   1   1
   1   1   3   3  2.0661656      2.0661656      1.3774438      1.3774438
   2   2   3   3  1.3774438      1.3774438      1.3774438      1.3774438
   1   2   3   3  2.0661656      1.3774438      1.3774438      1.3774438
   3
 G   1   2   3   3   0   0   0   0
     0.00000000   1.00     0.00000000   1.00     0.00000000   1.00
     0.00000000   0.00     0.00000000   0.00     0.00000000   0.00
   0   0 -119160.32      21.673120         0.00000000     0.00000000
     0.00000000     0.00000000
   3
 G   1   2   3   3   4   0   0   0
     0.00000000   1.00     0.00000000   1.00     0.00000000   1.00
     0.00000000   0.00     0.00000000   0.00     0.00000000   0.00
   0   0     0.00000000     0.00000000     0.00000000     0.00000000
     0.00000000     0.00000000
   3
 G   1   2   3   3   1   0   0   0
     0.00000000   1.00     0.00000000   1.00     0.00000000   1.00
     0.00000000   0.00     0.00000000   0.00     0.00000000   0.00
   0   0 -131210.24      43.429920         0.00000000     0.00000000
     0.00000000     0.00000000
   3
 G   1   2   3   3   0   1   0   0
     0.00000000   1.00     0.00000000   1.00     0.00000000   1.00
     0.00000000   0.00     0.00000000   0.00     0.00000000   0.00
   0   0     0.00000000     0.00000000     0.00000000     0.00000000
     0.00000000     0.00000000
   3
 G   1   2   3   3   2   0   0   0
     0.00000000   1.00     0.00000000   1.00     0.00000000   1.00
     0.00000000   0.00     0.00000000   0.00     0.00000000   0.00
   0   0 -44392.240         0.00000000     0.00000000     0.00000000
     0.00000000     0.00000000
   0
 Slag-liq
 SUBQ
   2   3
 Al2O3
   4  5    0.0    2.0    3.0    0.0
  298.15000     -1604033.5     0.57960707         0.00000000     0.00000000
 0.14758777E-04     0.00000000
 3 -.19955267E-05   4.00 0.58987350E-08   5.00 -.54380533E-11   6.00
  350.15000     -1561223.7     -1673.6971      298.66000     -.63300000
     0.00000000     0.00000000
 1     0.00000000   0.00
  593.15000     -1638833.4      923.27053     -144.63210         0.00000000
     0.00000000     0.00000000
 1     0.00000000   0.00
  2327.0000     -1615242.6      1240.3272     -179.36549     0.45961240E-02
     0.00000000 -487670.49
 2 -3313.5479       0.50 -68180608.      -2.00
  10000.000     -1750988.5      1342.1159     -192.46400         0.00000000
     0.00000000     0.00000000
 1     0.00000000   0.00
  2.00000      3.00000         0.000000     0.000000     0.000000
  1.65300
 CaO
   4  2    1.0    0.0    1.0    0.0
  2845.1599     -571766.66      348.73580     -58.791171         0.00000000
     0.00000000  573573.05
 2 -535.61610       0.50 -17163136.      -2.00
  10000.000     -596946.67      379.18009     -62.760000         0.00000000
     0.00000000     0.00000000
 1     0.00000000   0.00
  1.00000      1.00000         0.000000     0.000000     0.000000
  1.37700
   2   1
 Al                       Ca
 O
  3.00000      2.00000
   1   1
  2.00000
   2
   1   2
   1   1
   1   1   3   3  2.0661656      2.0661656      1.3774438      1.3774438
   2   2   3   3  1.3774438      1.3774438      1.3774438      1.3774438
   1   2   3   3  2.0661656      1.3774438      1.3774438      1.3774438
   3
 G   1   2   3   3   0   0   0   0
     0.00000000   1.00     0.00000000   1.00     0.00000000   1.00
     0.00000000   0.00     0.00000000   0.00     0.00000000   0.00
   0   0 -119160.32      21.673120         0.00000000     0.00000000
     0.00000000     0.00000000
   3
 G   1   2   3   3   4   0   0   0
     0.00000000   1.00     0.00000000   1.00     0.00000000   1.00
     0.00000000   0.00     0.00000000   0.00     0.00000000   0.00
   0   0     0.00000000     0.00000000     0.00000000     0.00000000
     0.00000000     0.00000000
   3
 G   1   2   3   3   1   0   0   0
     0.00000000   1.00     0.00000000   1.00     0.00000000   1.00
     0.00000000   0.00     0.00000000   0.00     0.00000000   0.00
   0   0 -131210.24      43.429920         0.00000000     0.00000000
     0.00000000     0.00000000
   3
 G   1   2   3   3   0   1   0   0
     0.00000000   1.00     0.00000000   1.00     0.00000000   1.00
     0.00000000   0.00     0.00000000   0.00     0.00000000   0.00
   0   0     0.00000000     0.00000000     0.00000000     0.00000000
     0.00000000     0.00000000
   3
 G   1   2   3   3   2   0   0   0
     0.00000000   1.00     0.00000000   1.00     0.00000000   1.00
     0.00000000   0.00     0.00000000   0.00     0.00000000   0.00
   0   0 -44392.240         0.00000000     0.00000000     0.00000000
     0.00000000     0.00000000
   0
 Spinel
 SUBLM
 0.333333     0.280000
 Al3O4[1+]
  16  4    0.0    3.0    4.0   -1.0
  360.00000     -2400458.8     -895.24594      171.37331     -.66138277
 0.25374856E-03 -722638.05
 1  1626.4218      99.00
  2500.0000     -2460685.0      911.42853     -139.46543     -.26428652E-01
 0.18254500E-05  1987036.9
 1     0.00000000   0.00
  2503.0000     -2436375.0      754.18546     -119.32368     -.30503250E-01
 0.18254500E-05  2709675.0
 1     0.00000000   0.00
  6000.0000     -2508646.0      1369.7601     -202.53917         0.00000000
     0.00000000     0.00000000
 1     0.00000000   0.00
     0.000000     0.000000
 Al1O4[5-]
  16  4    0.0    1.0    4.0    5.0
  360.00000     -1461831.5      13309.815     -2097.0175      3.2834834
 -.12687428E-02  19058642.
 3 -8132.1090      99.00 -26508.385       0.50 -.54544482E+09  -2.00
  2500.0000     -1160700.4      4276.4428     -542.82384     0.10871286
 -.91272500E-05  5510267.2
 2 -26508.385       0.50 -.54544482E+09  -2.00
  2503.0000     -1282250.5      5062.6582     -643.53257     0.12908585
 -.91272500E-05  1897076.9
 2 -26508.385       0.50 -.54544482E+09  -2.00
  6000.0000     -1375341.1      1424.6206     -207.56324         0.00000000
     0.00000000     0.00000000
 1     0.00000000   0.00
     0.000000     0.000000
 Al1Ca2O4[1-]
  16  5    2.0    1.0    4.0    1.0
  360.00000     -2096955.4      4124.5384     -625.45331     0.66138277
 -.25374856E-03  1283438.1
 3 -1626.4218      99.00 -13352.800       0.50  28513334.      -2.00
  1877.0000     -2036729.2      2317.8639     -314.61457     0.26428652E-01
 -.18254500E-05 -1426236.9
 2 -13352.800       0.50  28513334.      -2.00
  2500.0000     -2180086.6      1502.8342     -237.21900     0.26428652E-01
 -.18254500E-05 -1987036.9
 1     0.00000000   0.00
  2503.0000     -2204396.7      1660.0773     -257.36075     0.30503250E-01
 -.18254500E-05 -2709675.0
 1     0.00000000   0.00
  6000.0000     -2132125.6      1044.5026     -174.14526         0.00000000
     0.00000000     0.00000000
 1     0.00000000   0.00
     0.000000     0.000000
   2
  1.00000      2.00000
   1   3
 Al[3+]T
 Va[0]O                   Al[3+]O                  Ca[2+]O
   1   1   1
   2   1   3
   0
   0
 Monoxide
 QKTOM
 0.333333     0.280000
 CaO
  16  2    1.0    0.0    1.0    0.0
  2845.1600     -651262.65      376.67656     -58.791171         0.00000000
     0.00000000  573572.99
 2 -535.61600       0.50 -17163131.      -2.00
  3500.0000     -676442.66      407.12085     -62.760000         0.00000000
     0.00000000     0.00000000
 1     0.00000000   0.00
     0.000000     0.000000
  1.00000      2
 (Al2O3):2
  16  3    0.0    1.0 1.5000    0.0
  298.15000     -805210.93      5.5351923         0.00000000     0.00000000
 0.73793883E-05     0.00000000
 3 -.99776333E-06   4.00 0.29493675E-08   5.00 -.27190267E-11   6.00
  2327.0000     -814324.71      555.20910     -77.509441         0.00000000
     0.00000000  965340.75
 2 -1656.7740       0.50 -34090304.      -2.00
  3500.0000     -897041.86      701.72979     -96.232000         0.00000000
     0.00000000     0.00000000
 1     0.00000000   0.00
     0.000000     0.000000
  1.00000      2
   0
   2
   1   2   1   1  16736.000         0.00000000     0.00000000     0.00000000
     0.00000000     0.00000000
   0
 Monoxide
 QKTOM
 0.333333     0.280000
 CaO
  16  2    1.0    0.0    1.0    0.0
  2845.1600     -651262.65      376.67656     -58.791171         0.00000000
     0.00000000  573572.99
 2 -535.61600       0.50 -17163131.      -2.00
  3500.0000     -676442.66      407.12085     -62.760000         0.00000000
     0.00000000     0.00000000
 1     0.00000000   0.00
     0.000000     0.000000
  1.00000      2
 (Al2O3):2
  16  3    0.0    1.0 1.5000    0.0
  298.15000     -805210.93      5.5351923         0.00000000     0.00000000
 0.73793883E-05     0.00000000
 3 -.99776333E-06   4.00 0.29493675E-08   5.00 -.27190267E-11   6.00
  2327.0000     -814324.71      555.20910     -77.509441         0.00000000
     0.00000000  965340.75
 2 -1656.7740       0.50 -34090304.      -2.00
  3500.0000     -897041.86      701.72979     -96.232000         0.00000000
     0.00000000     0.00000000
 1     0.00000000   0.00
     0.000000     0.000000
  1.00000      2
   0
   2
   1   2   1   1  16736.000         0.00000000     0.00000000     0.00000000
     0.00000000     0.00000000
   0
 Liq(Matte_Metal)
 SUBG
  2.40000
   2   2
 O
   1  2    0.0    0.0    1.0    0.0
  2990.0000      121184.75      136.04063     -24.500000     -.98420000E-03
 -.12938117E-06  322517.20
  3000.0000      102133.28      231.98444     -36.200000         0.00000000
     0.00000000     0.00000000
  1.00000      1.00000         0.000000     0.000000     0.000000
 Ca
   1  1    1.0    0.0    0.0    0.0
  3000.0000     -2650.7678      188.91191     -35.000000         0.00000000
     0.00000000     0.00000000
  1.00000      1.00000         0.000000     0.000000     0.000000
   2   1
 O                        Ca
 Va
  1.00000      1.00000
   2   1
  1.00000
   1
   1   2
   1   1
   1   1   3   3  6.0000000      6.0000000      6.0000000      6.0000000
   2   2   3   3  6.0000000      6.0000000      6.0000000      6.0000000
   3
 G   1   2   3   3   0   0   0   0
     0.00000000   1.00     0.00000000   1.00     0.00000000   1.00
     0.00000000   0.00     0.00000000   0.00     0.00000000   0.00
   0   0 -209200.00     0.83680000         0.00000000     0.00000000
     0.00000000     0.00000000
   3
 G   1   2   3   3   0   1   0   0
     0.00000000   1.00     0.00000000   1.00     0.00000000   1.00
     0.00000000   0.00     0.00000000   0.00     0.00000000   0.00
   0   0  8368.0000         0.00000000     0.00000000     0.00000000
     0.00000000     0.00000000
   3
 G   1   2   3   3   1   0   0   0
     0.00000000   1.00     0.00000000   1.00     0.00000000   1.00
     0.00000000   0.00     0.00000000   0.00     0.00000000   0.00
   0   0  8368.0000         0.00000000     0.00000000     0.00000000
     0.00000000     0.00000000
   0
 Liq(Matte_Metal)
 SUBG
  2.40000
   2   2
 O
   1  2    0.0    0.0    1.0    0.0
  2990.0000      121184.75      136.04063     -24.500000     -.98420000E-03
 -.12938117E-06  322517.20
  3000.0000      102133.28      231.98444     -36.200000         0.00000000
     0.00000000     0.00000000
  1.00000      1.00000         0.000000     0.000000     0.000000
 Ca
   1  1    1.0    0.0    0.0    0.0
  3000.0000     -2650.7678      188.91191     -35.000000         0.00000000
     0.00000000     0.00000000
  1.00000      1.00000         0.000000     0.000000     0.000000
   2   1
 O                        Ca
 Va
  1.00000      1.00000
   2   1
  1.00000
   1
   1   2
   1   1
   1   1   3   3  6.0000000      6.0000000      6.0000000      6.0000000
   2   2   3   3  6.0000000      6.0000000      6.0000000      6.0000000
   3
 G   1   2   3   3   0   0   0   0
     0.00000000   1.00     0.00000000   1.00     0.00000000   1.00
     0.00000000   0.00     0.00000000   0.00     0.00000000   0.00
   0   0 -209200.00     0.83680000         0.00000000     0.00000000
     0.00000000     0.00000000
   3
 G   1   2   3   3   0   1   0   0
     0.00000000   1.00     0.00000000   1.00     0.00000000   1.00
     0.00000000   0.00     0.00000000   0.00     0.00000000   0.00
   0   0  8368.0000         0.00000000     0.00000000     0.00000000
     0.00000000     0.00000000
   3
 G   1   2   3   3   1   0   0   0
     0.00000000   1.00     0.00000000   1.00     0.00000000   1.00
     0.00000000   0.00     0.00000000   0.00     0.00000000   0.00
   0   0  8368.0000         0.00000000     0.00000000     0.00000000
     0.00000000     0.00000000
   0
 Ca(Al,Fe)12O19
 QKTO
 (Ca1Al12O19):12
   4  3 .08333    1.0 1.5833    0.0
  298.15000     -897888.65     -.35018998         0.00000000     0.00000000
 -.15857082E-03     0.00000000
 3 -.20476597E-06   4.00 0.13127250E-08   5.00 -.14243611E-11   6.00
  2106.0000     -907377.34      582.37014     -82.727917         0.00000000
     0.00000000  1172825.0
 2 -1783.3434       0.50 -52041819.      -2.00
  2106.0000     -925715.29      474.33985     -72.517412         0.00000000
     0.00000000     0.00000000
 1     0.00000000   0.00
  1.00000      2
 Ca(Al,Fe)4O7
 QKTO
 (Ca1Al4O7):4
   4  3 .25000    1.0 1.7500    0.0
  298.15000     -1006439.5     0.93802920         0.00000000     0.00000000
 -.49047125E-03     0.00000000
 3 0.13812285E-05   4.00 -.19605575E-08   5.00 0.11649742E-11   6.00
  2038.0000     -1021331.7      584.73093     -86.808670         0.00000000
     0.00000000  1392472.7
 2 -1252.7434       0.50 -55573493.      -2.00
  2038.0000     -1032857.6      505.29487     -79.240095         0.00000000
     0.00000000     0.00000000
 1     0.00000000   0.00
  1.00000      2
 CA2
 SUBLM
 0.333333     0.280000
 CaAl4O7
  16  3    1.0    4.0    7.0    0.0
  298.15000     -4025758.1      3.7521168         0.00000000     0.00000000
 -.19618850E-02     0.00000000
 3 0.55249142E-05   4.00 -.78422300E-08   5.00 0.46598967E-11   6.00
  2038.0000     -4085326.7      2338.9237     -347.23468         0.00000000
     0.00000000  5569890.8
 2 -5010.9735       0.50 -.22229397E+09  -2.00
  2038.0000     -4131430.4      2021.1795     -316.96038         0.00000000
     0.00000000     0.00000000
 1     0.00000000   0.00
     0.000000     0.000000
   2
  1.00000      4.00000
   1   1
 Ca
 Al
   1
   1
 Ca(Al,Fe)2O4
 QKTO
 (Ca1Al2O4):2
   4  3 .50000    1.0    2.0    0.0
  298.15000     -1168898.2      1.1812623         0.00000000     0.00000000
 -.74322467E-03     0.00000000
 3 0.25146062E-05   4.00 -.43078475E-08   5.00 0.30731417E-11   6.00
  1877.0000     -1181447.1      723.60565     -106.63676         0.00000000
     0.00000000  1252127.2
 2 -1924.5820       0.50 -42671870.      -2.00
  1877.0000     -1199733.0      600.50016     -94.859016         0.00000000
     0.00000000     0.00000000
 1     0.00000000   0.00
  1.00000      2
 (Ca,Pb)(Al,Fe)2O4
 SUBLM
 0.333333     0.280000
 CaAl2O4
  16  3    1.0    2.0    4.0    0.0
  298.15000     -2337796.4      2.3625246         0.00000000     0.00000000
 -.14864493E-02     0.00000000
 3 0.50292125E-05   4.00 -.86156950E-08   5.00 0.61462833E-11   6.00
  1877.0000     -2362894.1      1447.2113     -213.27352         0.00000000
     0.00000000  2504254.5
 2 -3849.1639       0.50 -85343739.      -2.00
  1877.0000     -2399466.1      1201.0003     -189.71803         0.00000000
     0.00000000     0.00000000
 1     0.00000000   0.00
     0.000000     0.000000
   2
  1.00000      2.00000
   1   1
 Ca
 Al
   1
   1
 Brownmillerite
 QKTO
 (Ca2Al2O5):2
   4  2    1.0    1.0 2.5000    0.0
  2500.0000     -1494452.2      930.59169     -137.15500         0.00000000
     0.00000000  792762.56
 2 -23986666.      -2.00 -2924.5000       0.50
  2500.0000     -1529774.6      770.03606     -122.28803         0.00000000
     0.00000000     0.00000000
 1     0.00000000   0.00
  1.00000      2
 Ca3(Al,Fe)2O6
 QKTO
 (Ca3Al2O6):2
   4  3 1.5000    1.0    3.0    0.0
  298.15000     -1810209.4      2.3502401         0.00000000     0.00000000
 -.12626300E-02     0.00000000
 3 0.38240150E-05   4.00 -.55878300E-08   5.00 0.33315250E-11   6.00
  1814.0000     -1827215.3      1062.2534     -161.26640         0.00000000
     0.00000000  1445325.0
 2 -2510.8000       0.50 -55101666.      -2.00
  1814.0000     -1850913.3      900.03815     -145.70550         0.00000000
     0.00000000     0.00000000
 1     0.00000000   0.00
  1.00000      2
 Mayenite
 QKTO
 (Ca12Al14O33):14
   4  3 .85714    1.0 2.3571    0.0
  298.15000     -1402567.2      892.79829     -130.40214         0.00000000
     0.00000000  606316.09
 2 -3042.7000       0.50 -15096666.      -2.00
  1814.0000     -1402567.2      892.79829     -130.40214         0.00000000
     0.00000000  606316.09
 2 -3042.7000       0.50 -15096666.      -2.00
  1814.0000     -1433669.5      702.02620     -112.18884         0.00000000
     0.00000000     0.00000000
 1     0.00000000   0.00
  1.00000      2
 M2O3(Corundum)
 QKTOM
 0.333333     0.280000
 (Al2O3):2
  16  3    0.0    1.0 1.5000    0.0
  298.15000     -842866.94     0.30519229         0.00000000     0.00000000
 0.73793883E-05     0.00000000
 3 -.99776333E-06   4.00 0.29493675E-08   5.00 -.27190267E-11   6.00
  2327.0000     -851980.71      549.97910     -77.509441         0.00000000
     0.00000000  965340.75
 2 -1656.7740       0.50 -34090304.      -2.00
  3000.0000     -934697.86      696.49979     -96.232000         0.00000000
     0.00000000     0.00000000
 1     0.00000000   0.00
     0.000000     0.000000
  1.00000      2
 Magnetoplumbite
 SUBL
 CaAl12O19
   4  2    1.0   12.0   19.0    0.0
  2106.0000     -10899782.      6994.8900     -992.73500         0.00000000
     0.00000000  14073900.
 2 -21400.121       0.50 -.62450183E+09  -2.00
  2106.0000     -11119837.      5698.5267     -870.20895         0.00000000
     0.00000000     0.00000000
 1     0.00000000   0.00
   3
  1.00000      1.00000      10.0000
   1   1   1
 CaO
 Al2O3
 Al2O3
   1
   1
   1
 Al2O3_liquid(liq)
   4  5    0.0    2.0    3.0    0.0
  298.15000     -1604033.5     0.57960671         0.00000000     0.00000000
 0.14758777E-04     0.00000000
 3 -.19955267E-05   4.00 0.58987350E-08   5.00 -.54380533E-11   6.00
  350.15000     -1561223.6     -1673.6971      298.66000     -.63300000
     0.00000000     0.00000000
 1     0.00000000   0.00
  593.15000     -1638833.4      923.27053     -144.63210         0.00000000
     0.00000000     0.00000000
 1     0.00000000   0.00
  2327.0000     -1615242.6      1240.3272     -179.36549     0.45961240E-02
     0.00000000 -487670.49
 2 -3313.5479       0.50 -68180608.      -2.00
  10000.000     -1750988.5      1342.1159     -192.46400         0.00000000
     0.00000000     0.00000000
 1     0.00000000   0.00
 Ca_liquid(liq)
   1  1    1.0    0.0    0.0    0.0
  2500.0000     -2650.7678      188.91191     -35.000000         0.00000000
     0.00000000     0.00000000
 CaO_liquid(liq)
   4  2    1.0    0.0    1.0    0.0
  2845.1600     -571766.66      348.73580     -58.791171         0.00000000
     0.00000000  573572.99
 2 -535.61600       0.50 -17163131.      -2.00
  3500.0000     -596946.67      379.18008     -62.760000         0.00000000
     0.00000000     0.00000000
 1     0.00000000   0.00
 Al2O3_gamma(s)
   4  3    0.0    2.0    3.0    0.0
  1200.0000     -1354204.2     -619.53744      15.733273     -.14974255E-01
     0.00000000 -2497634.5
 2  28273.406       0.50 -112109.37      99.00
  2327.0000      4225305.0     -9185.7772      787.51538     -.32938713E-01
     0.00000000 -.13190819E+09
 2  267542.91       0.50 -1525527.4      99.00
  3000.0000     -1837990.9      1379.9155     -192.46400         0.00000000
     0.00000000     0.00000000
 1     0.00000000   0.00
 Al2O3_delta(s2)
   4  3    0.0    2.0    3.0    0.0
  1200.0000     -1368652.8     -609.15404      15.528478     -.14735880E-01
     0.00000000 -2458065.1
 2  27823.164       0.50 -110319.62      99.00
  2327.0000      2217319.5     -3971.3490      288.35088         0.00000000
 -.95877182E-06 -93660576.
 2  150763.69       0.50 -967134.34      99.00
  3000.0000     -1851944.9      1385.6862     -192.46400         0.00000000
     0.00000000     0.00000000
 1     0.00000000   0.00
 Al2O3_kappa(s3)
   4  3    0.0    2.0    3.0    0.0
  1100.0000     -1737476.8      618.94960     -103.93990     -.69397450E-02
     0.00000000  4571227.1
 2  2238.9803       0.50 -.19043842E+09  -2.00
  2327.0000      1996439.2     -5512.9238      452.67670     -.21877016E-01
     0.00000000 -79903214.
 2  168810.89       0.50 -957656.86      99.00
  3000.0000     -1849802.3      1384.6978     -192.46400         0.00000000
     0.00000000     0.00000000
 1     0.00000000   0.00
 Al2O3_corundum(alpha(s4)
   4  3    0.0    2.0    3.0    0.0
  298.15000     -1685733.9     0.61038440         0.00000000     0.00000000
 0.14758777E-04     0.00000000
 3 -.19955267E-05   4.00 0.58987350E-08   5.00 -.54380533E-11   6.00
  2327.0000     -1703961.4      1099.9582     -155.01888         0.00000000
     0.00000000  1930681.5
 2 -3313.5479       0.50 -68180608.      -2.00
  3000.0000     -1869395.7      1392.9996     -192.46400         0.00000000
     0.00000000     0.00000000
 1     0.00000000   0.00
 Ca_Solid_Alpha(s)
   4  3    1.0    0.0    0.0    0.0
  1100.0000     -20289.826      5.7135695     -7.2407205     -.15879227E-01
 0.53889390E-06  89714.089
 1  3437.1206      99.00
  1500.0000     -90294.540     -138.06623      10.498266     -.18904688E-01
     0.00000000  2230770.0
 1  16851.838      99.00
  1501.0000     -6642.6644      193.69992     -35.000000         0.00000000
     0.00000000     0.00000000
 1     0.00000000   0.00
 Ca_Solid_Beta(s2)
   4  3    1.0    0.0    0.0    0.0
  716.00000      39353.166      264.07723     -42.193628         0.00000000
     0.00000000 -737255.98
 1 -9782.9302      99.00
  1500.0000     -89355.294     -139.33270      10.498266     -.18904688E-01
     0.00000000  2230770.0
 1  16851.838      99.00
  1501.0000     -5703.4190      192.43345     -35.000000         0.00000000
     0.00000000     0.00000000
 1     0.00000000   0.00
 CaO_Lime(s)
   4  2    1.0    0.0    1.0    0.0
  2845.1600     -651262.66      376.67656     -58.791171         0.00000000
     0.00000000  573572.99
 2 -535.61600       0.50 -17163131.      -2.00
  3500.0000     -676442.67      407.12085     -62.760000         0.00000000
     0.00000000     0.00000000
 1     0.00000000   0.00
 CaAl2O4_solid(s)
   4  3    1.0    2.0    4.0    0.0
  298.15000     -2337796.4      2.3625241         0.00000000     0.00000000
 -.14864493E-02     0.00000000
 3 0.50292125E-05   4.00 -.86156950E-08   5.00 0.61462833E-11   6.00
  1877.0000     -2362894.1      1447.2113     -213.27352         0.00000000
     0.00000000  2504254.5
 2 -3849.1639       0.50 -85343739.      -2.00
  1877.0000     -2399466.1      1201.0003     -189.71803         0.00000000
     0.00000000     0.00000000
 1     0.00000000   0.00
 CaAl4O7_solid(s)
   4  3    1.0    4.0    7.0    0.0
  298.15000     -4025758.1      3.7521158         0.00000000     0.00000000
 -.19618850E-02     0.00000000
 3 0.55249142E-05   4.00 -.78422300E-08   5.00 0.46598967E-11   6.00
  2038.0000     -4085326.7      2338.9237     -347.23468         0.00000000
     0.00000000  5569890.8
 2 -5010.9735       0.50 -.22229397E+09  -2.00
  2038.0000     -4131430.4      2021.1795     -316.96038         0.00000000
     0.00000000     0.00000000
 1     0.00000000   0.00
 CaAl12O19_solid(s)
   4  3    1.0   12.0   19.0    0.0
  298.15000     -10774664.     -4.2022790         0.00000000     0.00000000
 -.19028498E-02     0.00000000
 3 -.24571917E-05   4.00 0.15752700E-07   5.00 -.17092333E-10   6.00
  2106.0000     -10888528.      6988.4416     -992.73500         0.00000000
     0.00000000  14073900.
 2 -21400.121       0.50 -.62450183E+09  -2.00
  2106.0000     -11108583.      5692.0783     -870.20895         0.00000000
     0.00000000     0.00000000
 1     0.00000000   0.00
 Ca3Al2O6_solid(s)
   4  3    3.0    2.0    6.0    0.0
  298.15000     -3620418.9      4.7004811         0.00000000     0.00000000
 -.25252600E-02     0.00000000
 3 0.76480300E-05   4.00 -.11175660E-07   5.00 0.66630500E-11   6.00
  1814.0000     -3654430.5      2124.5068     -322.53280         0.00000000
     0.00000000  2890650.1
 2 -5021.6000       0.50 -.11020333E+09  -2.00
  1814.0000     -3701826.7      1800.0763     -291.41100         0.00000000
     0.00000000     0.00000000
 1     0.00000000   0.00
 Ca12Al14O33_S1(s)
   4  3   12.0   14.0   33.0    0.0
  298.15000     -19635941.      12499.176     -1825.6300         0.00000000
     0.00000000  8488425.2
 2 -42597.800       0.50 -.21135333E+09  -2.00
  1814.0000     -19635941.      12499.176     -1825.6300         0.00000000
     0.00000000  8488425.2
 2 -42597.800       0.50 -.21135333E+09  -2.00
  1814.0000     -20071373.      9828.3668     -1570.6438         0.00000000
     0.00000000     0.00000000
 1     0.00000000   0.00
 O2(g)                   #
   4  4    0.0    0.0    2.0    0.0
  1000.0000     -5219.3324     -12.179856     -26.924057     -.84893408E-02
 0.11276942E-05 -114664.63
 1 -316.64663       0.50
  4000.0000     -389938.78      638.67678     -89.681327     0.72372244E-03
     0.00000000  9341343.0
 2 -16506.149       0.50  95803.960      99.00
  6000.0000     -8951197.1      2742.7612     -249.17312         0.00000000
     0.00000000 0.59248921E+09
 2 -139742.68       0.50  1674792.2      99.00
  6000.0000     -42014.302      116.92408     -44.371534         0.00000000
     0.00000000     0.00000000
 1     0.00000000   0.00
 Al_solid(s)             #
   4  2    0.0    1.0    0.0    0.0
  1200.0000      2174.8191      262.98630     -45.924818         0.00000000
 -.26162145E-05     0.00000000
 3 -2850.4189      99.00  1.0292234       1.50  990911.72      -2.00
  1201.0000     -10524.175      188.12050     -31.751000         0.00000000
     0.00000000     0.00000000
 1     0.00000000   0.00
 Ca_Solid_Alpha(s)       #
   4  3    1.0    0.0    0.0    0.0
  1100.0000     -20289.826      5.7135695     -7.2407205     -.15879227E-01
 0.53889390E-06  89714.089
 1  3437.1206      99.00
  1500.0000     -90294.540     -138.06623      10.498266     -.18904688E-01
     0.00000000  2230770.0
 1  16851.838      99.00
  1501.0000     -6642.6644      193.69992     -35.000000         0.00000000
     0.00000000     0.00000000
 1     0.00000000   0.00
 Al2O3(s)                #
   1  1    0.0    2.0    3.0    0.0
  6001.0000         0.00000000     0.00000000     0.00000000     0.00000000
     0.00000000     0.00000000
 CaO(s)                  #
   1  1    1.0    0.0    1.0    0.0
  6001.0000         0.00000000     0.00000000     0.00000000     0.00000000
     0.00000000     0.00000000
