 System Zn-Si-Al-O-e(Spinel)-e(Mullite)                                      L  
    6    6    0    6    6    6    4    2   25
 Zn                       Si                       Al
 O                        e(Spinel)                e(Mullite)
    65.38000000              28.08550000              26.98153860
    15.99940000               0.00054858               0.00054858
   6   1   2   3   4   5   6
   6   1   2   3   4   5   6
 Slag-liq
 SUBQ 
   3   3
 Al2O3                        0.00000     0.00000    
   4  5           0.00000    0.00000    2.00000    3.00000    0.00000    0.00000
  298.150000     -1604033.50     0.579607070      0.00000000      0.00000000    
 0.147587770E-04  0.00000000    
 3 -.199552670E-05   4.00 0.589873500E-08   5.00 -.543805330E-11   6.00
  350.150000     -1561223.70     -1673.69710      298.660000     -.633000000    
  0.00000000      0.00000000    
 1  0.00000000       1.00
  593.150000     -1638833.40      923.270530     -144.632100      0.00000000    
  0.00000000      0.00000000    
 1  0.00000000       1.00
  2327.00000     -1615242.60      1240.32720     -179.365490     0.459612400E-02
  0.00000000     -487670.490    
 2 -3313.54790       0.50 -68180608.0      -2.00
  10000.0000     -1750988.50      1342.11590     -192.464000      0.00000000    
  0.00000000      0.00000000    
 1  0.00000000       1.00
  2.00000      3.00000      0.00000      0.00000      0.00000    
  1.65293    
 SiO2                         0.00000     0.00000    
   4  2           0.00000    1.00000    0.00000    2.00000    0.00000    0.00000
  1995.99000     -915415.800      562.199390     -83.5135980      0.00000000    
  0.00000000      1227680.00    
 2 -1498.77200       0.50 -46678699.0      -2.00
  10000.0000     -952208.500      564.549130     -85.7720000      0.00000000    
  0.00000000      0.00000000    
 1  0.00000000       1.00
  1.00000      2.00000      0.00000      0.00000      0.00000    
  1.83659    
 ZnO                          0.00000     0.00000    
   4  2           1.00000    0.00000    0.00000    1.00000    0.00000    0.00000
  2248.00000     -308175.390      269.201940     -48.2415200     -.339740800E-02
  0.00000000      0.00000000    
 2  17294726.0      -2.00 -366.189640       0.50
  10000.0000     -329653.950      366.312210     -61.5762850      0.00000000    
  0.00000000      0.00000000    
 1  0.00000000       1.00
  1.00000      1.00000      0.00000      0.00000      0.00000    
  1.37744    
   3   1
 Al                       Si                       Zn
 O
  3.00000      4.00000      2.00000    
   1   2   1
  2.00000    
   2
   1   2   3
   1   1   1
   1   1   4   4  2.06616563      2.06616563      1.37744375      1.37744375    
   2   2   4   4  2.75488750      2.75488750      1.37744375      1.37744375    
   3   3   4   4  1.37744375      1.37744375      1.37744375      1.37744375    
   3
 Q   1   2   4   4   1   0   0   0
  0.00000000       1.00  0.00000000       2.00  0.00000000       3.00
  0.00000000       0.00  0.00000000       0.00  0.00000000       0.00
   0   0  4184.00000      0.00000000      0.00000000      0.00000000    
  0.00000000      0.00000000    
   3
 Q   1   2   4   4   0   0   0   0
  0.00000000       1.00  0.00000000       2.00  0.00000000       3.00
  0.00000000       0.00  0.00000000       0.00  0.00000000       0.00
   0   0  5732.08000      0.00000000      0.00000000      0.00000000    
  0.00000000      0.00000000    
   3
 Q   1   2   4   4   0   3   0   0
  0.00000000       1.00  0.00000000       2.00  0.00000000       3.00
  0.00000000       0.00  0.00000000       0.00  0.00000000       0.00
   0   0  101252.800      0.00000000      0.00000000      0.00000000    
  0.00000000      0.00000000    
   3
 Q   1   2   4   4   0   5   0   0
  0.00000000       1.00  0.00000000       2.00  0.00000000       3.00
  0.00000000       0.00  0.00000000       0.00  0.00000000       0.00
   0   0 -128867.200      0.00000000      0.00000000      0.00000000    
  0.00000000      0.00000000    
   3
 Q   1   2   4   4   0   7   0   0
  0.00000000       1.00  0.00000000       2.00  0.00000000       3.00
  0.00000000       0.00  0.00000000       0.00  0.00000000       0.00
   0   0  63596.8000      0.00000000      0.00000000      0.00000000    
  0.00000000      0.00000000    
   3
 Q   1   3   4   4   0   0   0   0
  0.00000000       1.00  0.00000000       2.00  0.00000000       3.00
  0.00000000       0.00  0.00000000       0.00  0.00000000       0.00
   0   0 -5020.80000      0.00000000      0.00000000      0.00000000    
  0.00000000      0.00000000    
   3
 Q   1   3   4   4   1   0   0   0
  0.00000000       1.00  0.00000000       2.00  0.00000000       3.00
  0.00000000       0.00  0.00000000       0.00  0.00000000       0.00
   0   0 -16736.0000      0.00000000      0.00000000      0.00000000    
  0.00000000      0.00000000    
   3
 G   2   3   4   4   0   0   0   0
  0.00000000       1.00  0.00000000       2.00  0.00000000       3.00
  0.00000000       0.00  0.00000000       0.00  0.00000000       0.00
   0   0 -26903.1200      0.00000000      0.00000000      0.00000000    
  0.00000000      0.00000000    
   3
 G   2   3   4   4   1   0   0   0
  0.00000000       1.00  0.00000000       2.00  0.00000000       3.00
  0.00000000       0.00  0.00000000       0.00  0.00000000       0.00
   0   0  33597.5200      0.00000000      0.00000000      0.00000000    
  0.00000000      0.00000000    
   3
 G   2   3   4   4   3   0   0   0
  0.00000000       1.00  0.00000000       2.00  0.00000000       3.00
  0.00000000       0.00  0.00000000       0.00  0.00000000       0.00
   0   0  67362.4000     -18.0748800      0.00000000      0.00000000    
  0.00000000      0.00000000    
   3
 G   2   3   4   4   7   0   0   0
  0.00000000       1.00  0.00000000       2.00  0.00000000       3.00
  0.00000000       0.00  0.00000000       0.00  0.00000000       0.00
   0   0  276938.960     -129.285600      0.00000000      0.00000000    
  0.00000000      0.00000000    
   3
 G   2   3   4   4   0   2   0   0
  0.00000000       1.00  0.00000000       2.00  0.00000000       3.00
  0.00000000       0.00  0.00000000       0.00  0.00000000       0.00
   0   0  15899.2000      0.00000000      0.00000000      0.00000000    
  0.00000000      0.00000000    
   3
 G   2   3   4   4   0   1   0   0
  0.00000000       1.00  0.00000000       2.00  0.00000000       3.00
  0.00000000       0.00  0.00000000       0.00  0.00000000       0.00
   0   0 -10460.0000      0.00000000      0.00000000      0.00000000    
  0.00000000      0.00000000    
   3
 Q   1   3   4   4   0   0   1   0
  0.00000000       1.00  0.00000000       2.00  0.00000000       3.00
  0.00000000       0.00  0.00000000       0.00  0.00000000       0.00
   2   0 -30710.5600      0.00000000      0.00000000      0.00000000    
  0.00000000      0.00000000    
   3
 Q   2   3   4   4   0   0   1   0
  0.00000000       1.00  0.00000000       2.00  0.00000000       3.00
  0.00000000       0.00  0.00000000       0.00  0.00000000       0.00
   1   0 -24058.0000      0.00000000      0.00000000      0.00000000    
  0.00000000      0.00000000    
   3
 Q   2   3   4   4   0   1   1   0
  0.00000000       1.00  0.00000000       2.00  0.00000000       3.00
  0.00000000       0.00  0.00000000       0.00  0.00000000       0.00
   1   0  0.00000000      18.7024800      0.00000000      0.00000000    
  0.00000000      0.00000000    
   3
 Q   1   2   4   4   0   0   2   0
  0.00000000       1.00  0.00000000       2.00  0.00000000       3.00
  0.00000000       0.00  0.00000000       0.00  0.00000000       0.00
   3   0  27196.0000      0.00000000      0.00000000      0.00000000    
  0.00000000      0.00000000    
   3
 Q   2   3   4   4   0   1   2   0
  0.00000000       1.00  0.00000000       2.00  0.00000000       3.00
  0.00000000       0.00  0.00000000       0.00  0.00000000       0.00
   1   0  0.00000000      3.93296000      0.00000000      0.00000000    
  0.00000000      0.00000000    
   3
 B   1   3   4   4   0   0  15   0
  0.00000000       1.00  0.00000000       2.00  0.00000000       3.00
  0.00000000       0.00  0.00000000       0.00  0.00000000       0.00
   2   0 -104600.000      0.00000000      0.00000000      0.00000000    
  0.00000000      0.00000000    
   3
 B   1   3   4   4   0   1  15   0
  0.00000000       1.00  0.00000000       2.00  0.00000000       3.00
  0.00000000       0.00  0.00000000       0.00  0.00000000       0.00
   2   0 -334720.000      0.00000000      0.00000000      0.00000000    
  0.00000000      0.00000000    
   0
 Slag-liq
 SUBQ 
   3   3
 Al2O3                        0.00000     0.00000    
   4  5           0.00000    0.00000    2.00000    3.00000    0.00000    0.00000
  298.150000     -1604033.50     0.579607070      0.00000000      0.00000000    
 0.147587770E-04  0.00000000    
 3 -.199552670E-05   4.00 0.589873500E-08   5.00 -.543805330E-11   6.00
  350.150000     -1561223.70     -1673.69710      298.660000     -.633000000    
  0.00000000      0.00000000    
 1  0.00000000       1.00
  593.150000     -1638833.40      923.270530     -144.632100      0.00000000    
  0.00000000      0.00000000    
 1  0.00000000       1.00
  2327.00000     -1615242.60      1240.32720     -179.365490     0.459612400E-02
  0.00000000     -487670.490    
 2 -3313.54790       0.50 -68180608.0      -2.00
  10000.0000     -1750988.50      1342.11590     -192.464000      0.00000000    
  0.00000000      0.00000000    
 1  0.00000000       1.00
  2.00000      3.00000      0.00000      0.00000      0.00000    
  1.65293    
 SiO2                         0.00000     0.00000    
   4  2           0.00000    1.00000    0.00000    2.00000    0.00000    0.00000
  1995.99000     -915415.800      562.199390     -83.5135980      0.00000000    
  0.00000000      1227680.00    
 2 -1498.77200       0.50 -46678699.0      -2.00
  10000.0000     -952208.500      564.549130     -85.7720000      0.00000000    
  0.00000000      0.00000000    
 1  0.00000000       1.00
  1.00000      2.00000      0.00000      0.00000      0.00000    
  1.83659    
 ZnO                          0.00000     0.00000    
   4  2           1.00000    0.00000    0.00000    1.00000    0.00000    0.00000
  2248.00000     -308175.390      269.201940     -48.2415200     -.339740800E-02
  0.00000000      0.00000000    
 2  17294726.0      -2.00 -366.189640       0.50
  10000.0000     -329653.950      366.312210     -61.5762850      0.00000000    
  0.00000000      0.00000000    
 1  0.00000000       1.00
  1.00000      1.00000      0.00000      0.00000      0.00000    
  1.37744    
   3   1
 Al                       Si                       Zn
 O
  3.00000      4.00000      2.00000    
   1   2   1
  2.00000    
   2
   1   2   3
   1   1   1
   1   1   4   4  2.06616563      2.06616563      1.37744375      1.37744375    
   2   2   4   4  2.75488750      2.75488750      1.37744375      1.37744375    
   3   3   4   4  1.37744375      1.37744375      1.37744375      1.37744375    
   3
 Q   1   2   4   4   1   0   0   0
  0.00000000       1.00  0.00000000       2.00  0.00000000       3.00
  0.00000000       0.00  0.00000000       0.00  0.00000000       0.00
   0   0  4184.00000      0.00000000      0.00000000      0.00000000    
  0.00000000      0.00000000    
   3
 Q   1   2   4   4   0   0   0   0
  0.00000000       1.00  0.00000000       2.00  0.00000000       3.00
  0.00000000       0.00  0.00000000       0.00  0.00000000       0.00
   0   0  5732.08000      0.00000000      0.00000000      0.00000000    
  0.00000000      0.00000000    
   3
 Q   1   2   4   4   0   3   0   0
  0.00000000       1.00  0.00000000       2.00  0.00000000       3.00
  0.00000000       0.00  0.00000000       0.00  0.00000000       0.00
   0   0  101252.800      0.00000000      0.00000000      0.00000000    
  0.00000000      0.00000000    
   3
 Q   1   2   4   4   0   5   0   0
  0.00000000       1.00  0.00000000       2.00  0.00000000       3.00
  0.00000000       0.00  0.00000000       0.00  0.00000000       0.00
   0   0 -128867.200      0.00000000      0.00000000      0.00000000    
  0.00000000      0.00000000    
   3
 Q   1   2   4   4   0   7   0   0
  0.00000000       1.00  0.00000000       2.00  0.00000000       3.00
  0.00000000       0.00  0.00000000       0.00  0.00000000       0.00
   0   0  63596.8000      0.00000000      0.00000000      0.00000000    
  0.00000000      0.00000000    
   3
 Q   1   3   4   4   0   0   0   0
  0.00000000       1.00  0.00000000       2.00  0.00000000       3.00
  0.00000000       0.00  0.00000000       0.00  0.00000000       0.00
   0   0 -5020.80000      0.00000000      0.00000000      0.00000000    
  0.00000000      0.00000000    
   3
 Q   1   3   4   4   1   0   0   0
  0.00000000       1.00  0.00000000       2.00  0.00000000       3.00
  0.00000000       0.00  0.00000000       0.00  0.00000000       0.00
   0   0 -16736.0000      0.00000000      0.00000000      0.00000000    
  0.00000000      0.00000000    
   3
 G   2   3   4   4   0   0   0   0
  0.00000000       1.00  0.00000000       2.00  0.00000000       3.00
  0.00000000       0.00  0.00000000       0.00  0.00000000       0.00
   0   0 -26903.1200      0.00000000      0.00000000      0.00000000    
  0.00000000      0.00000000    
   3
 G   2   3   4   4   1   0   0   0
  0.00000000       1.00  0.00000000       2.00  0.00000000       3.00
  0.00000000       0.00  0.00000000       0.00  0.00000000       0.00
   0   0  33597.5200      0.00000000      0.00000000      0.00000000    
  0.00000000      0.00000000    
   3
 G   2   3   4   4   3   0   0   0
  0.00000000       1.00  0.00000000       2.00  0.00000000       3.00
  0.00000000       0.00  0.00000000       0.00  0.00000000       0.00
   0   0  67362.4000     -18.0748800      0.00000000      0.00000000    
  0.00000000      0.00000000    
   3
 G   2   3   4   4   7   0   0   0
  0.00000000       1.00  0.00000000       2.00  0.00000000       3.00
  0.00000000       0.00  0.00000000       0.00  0.00000000       0.00
   0   0  276938.960     -129.285600      0.00000000      0.00000000    
  0.00000000      0.00000000    
   3
 G   2   3   4   4   0   2   0   0
  0.00000000       1.00  0.00000000       2.00  0.00000000       3.00
  0.00000000       0.00  0.00000000       0.00  0.00000000       0.00
   0   0  15899.2000      0.00000000      0.00000000      0.00000000    
  0.00000000      0.00000000    
   3
 G   2   3   4   4   0   1   0   0
  0.00000000       1.00  0.00000000       2.00  0.00000000       3.00
  0.00000000       0.00  0.00000000       0.00  0.00000000       0.00
   0   0 -10460.0000      0.00000000      0.00000000      0.00000000    
  0.00000000      0.00000000    
   3
 Q   1   3   4   4   0   0   1   0
  0.00000000       1.00  0.00000000       2.00  0.00000000       3.00
  0.00000000       0.00  0.00000000       0.00  0.00000000       0.00
   2   0 -30710.5600      0.00000000      0.00000000      0.00000000    
  0.00000000      0.00000000    
   3
 Q   2   3   4   4   0   0   1   0
  0.00000000       1.00  0.00000000       2.00  0.00000000       3.00
  0.00000000       0.00  0.00000000       0.00  0.00000000       0.00
   1   0 -24058.0000      0.00000000      0.00000000      0.00000000    
  0.00000000      0.00000000    
   3
 Q   2   3   4   4   0   1   1   0
  0.00000000       1.00  0.00000000       2.00  0.00000000       3.00
  0.00000000       0.00  0.00000000       0.00  0.00000000       0.00
   1   0  0.00000000      18.7024800      0.00000000      0.00000000    
  0.00000000      0.00000000    
   3
 Q   1   2   4   4   0   0   2   0
  0.00000000       1.00  0.00000000       2.00  0.00000000       3.00
  0.00000000       0.00  0.00000000       0.00  0.00000000       0.00
   3   0  27196.0000      0.00000000      0.00000000      0.00000000    
  0.00000000      0.00000000    
   3
 Q   2   3   4   4   0   1   2   0
  0.00000000       1.00  0.00000000       2.00  0.00000000       3.00
  0.00000000       0.00  0.00000000       0.00  0.00000000       0.00
   1   0  0.00000000      3.93296000      0.00000000      0.00000000    
  0.00000000      0.00000000    
   3
 B   1   3   4   4   0   0  15   0
  0.00000000       1.00  0.00000000       2.00  0.00000000       3.00
  0.00000000       0.00  0.00000000       0.00  0.00000000       0.00
   2   0 -104600.000      0.00000000      0.00000000      0.00000000    
  0.00000000      0.00000000    
   3
 B   1   3   4   4   0   1  15   0
  0.00000000       1.00  0.00000000       2.00  0.00000000       3.00
  0.00000000       0.00  0.00000000       0.00  0.00000000       0.00
   2   0 -334720.000      0.00000000      0.00000000      0.00000000    
  0.00000000      0.00000000    
   0
 Spinel
 SUBLM
 0.333333     0.280000    
 Al3O4[1+]                    0.00000     0.00000    
  16  4           0.00000    0.00000    3.00000    4.00000   -1.00000    0.00000
  360.000000     -2400458.80     -895.245940      171.373310     -.661382770    
 0.253748560E-03 -722638.050    
 1  1626.42180      99.00
  2500.00000     -2460685.00      911.428530     -139.465430     -.264286520E-01
 0.182545000E-05  1987036.90    
 1  0.00000000       1.00
  2503.00000     -2436375.00      754.185460     -119.323680     -.305032500E-01
 0.182545000E-05  2709675.00    
 1  0.00000000       1.00
  6000.00000     -2508646.00      1369.76010     -202.539170      0.00000000    
  0.00000000      0.00000000    
 1  0.00000000       1.00
  0.00000      0.00000    
 Al1O4[5-]                    0.00000     0.00000    
  16  4           0.00000    0.00000    1.00000    4.00000    5.00000    0.00000
  360.000000     -1461831.50      13309.8150     -2097.01750      3.28348340    
 -.126874280E-02  19058642.0    
 3 -8132.10900      99.00 -26508.3850       0.50 -545444820.      -2.00
  2500.00000     -1160700.40      4276.44280     -542.823840     0.108712860    
 -.912725000E-05  5510267.20    
 2 -26508.3850       0.50 -545444820.      -2.00
  2503.00000     -1282250.50      5062.65820     -643.532570     0.129085850    
 -.912725000E-05  1897076.90    
 2 -26508.3850       0.50 -545444820.      -2.00
  6000.00000     -1375341.10      1424.62060     -207.563240      0.00000000    
  0.00000000      0.00000000    
 1  0.00000000       1.00
  0.00000      0.00000    
 Zn1Al2O4                     0.00000     0.00000    
  16  2           1.00000    0.00000    2.00000    4.00000    0.00000    0.00000
  3000.00000     -2019539.10      2279.05050     -300.404630     0.814919450E-02
  0.00000000     -146872.550    
 3 -41882431.0      -2.00 -11866.2270       0.50 -7359.34400      99.00
  6000.00000     -2153122.00      1267.30510     -194.936630      0.00000000    
  0.00000000      0.00000000    
 1  0.00000000       1.00
  0.00000      0.00000    
 Zn1Zn2O4[2-]                 0.00000     0.00000    
  16  2           3.00000    0.00000    0.00000    4.00000    2.00000    0.00000
  2500.00000     -1091329.10      2771.56740     -363.011430     0.162983910E-01
  0.00000000     -2890552.20    
 2 -22078.0320      99.00 -15559.4840       0.50
  6000.00000     -1317166.10      1213.75400     -195.815810      0.00000000    
  0.00000000      0.00000000    
 1  0.00000000       1.00
  0.00000      0.00000    
 Al1Zn2O4[1-]                 0.00000     0.00000    
  16  5           2.00000    0.00000    1.00000    4.00000    1.00000    0.00000
  360.000000     -1468641.40      5435.34700     -772.182580     0.677681160    
 -.253748560E-03  428892.940    
 3 -16345.1100      99.00 -83764861.0      -2.00 -23732.4530       0.50
  2500.00000     -1408415.20      3628.67260     -461.343840     0.427270410E-01
 -.182545000E-05 -2280782.10    
 3 -83764861.0      -2.00 -23732.4530       0.50 -14718.6880      99.00
  2503.00000     -1432725.20      3785.91560     -481.485590     0.468016390E-01
 -.182545000E-05 -3003420.10    
 3 -83764861.0      -2.00 -23732.4530       0.50 -14718.6880      99.00
  3000.00000     -1360454.20      3170.34090     -398.270100     0.162983890E-01
  0.00000000     -293745.110    
 3 -83764861.0      -2.00 -23732.4530       0.50 -14718.6880      99.00
  6000.00000     -1627620.00      1146.85000     -187.334090      0.00000000    
  0.00000000      0.00000000    
 1  0.00000000       1.00
  0.00000      0.00000    
 Zn1Va2O4[6-]                 0.00000     0.00000    
  16  2           1.00000    0.00000    0.00000    4.00000    6.00000    0.00000
  2500.00000     -712410.670      1331.74110     -187.606660     0.232834160E-02
  0.00000000     -412936.030    
 2 -7359.34400      99.00 -5186.49470       0.50
  6000.00000     -806211.580      932.274260     -147.220880      0.00000000    
  0.00000000      0.00000000    
 1  0.00000000       1.00
  0.00000      0.00000    
   2
  1.00000      2.00000    
   2   3
 Al[3+]T                  Zn[2+]T
 Va[0]O                   Al[3+]O                  Zn[2+]O
   1   1   2   2   1   2
   2   1   2   3   3   1
   0
   3
   1   2   3   1
 -154808.000      0.00000000      0.00000000      0.00000000      0.00000000    
  0.00000000    
   3
   2   3   4   1
  0.00000000      0.00000000      0.00000000      0.00000000      0.00000000    
  0.00000000    
   0
 Mullite
 SUBL 
 Al2Al1O5                     0.00000     0.00000    
   4  3           0.00000    0.00000    3.00000    5.00000    0.00000    1.00000
  298.150000     -2442029.70     0.497176860      0.00000000      0.00000000    
 0.221381650E-04  0.00000000    
 3 -.299329000E-05   4.00 0.884810250E-08   5.00 -.815708000E-11   6.00
  2327.00000     -2469371.00      1649.51890     -232.528320      0.00000000    
  0.00000000      2896022.30    
 2 -4970.32190       0.50 -102270910.      -2.00
  6000.00000     -2717522.40      2089.08100     -288.696000      0.00000000    
  0.00000000      0.00000000    
 1  0.00000000       1.00
 Al2Al1Va5                    0.00000     0.00000    
   4  3           0.00000    0.00000    3.00000    0.00000    0.00000   -9.00000
  298.150000     -2442029.70     0.497176860      0.00000000      0.00000000    
 0.221381650E-04  0.00000000    
 3 -.299329000E-05   4.00 0.884810250E-08   5.00 -.815708000E-11   6.00
  2327.00000     -2469371.00      1649.51890     -232.528320      0.00000000    
  0.00000000      2896022.30    
 2 -4970.32190       0.50 -102270910.      -2.00
  6000.00000     -2717522.40      2089.08100     -288.696000      0.00000000    
  0.00000000      0.00000000    
 1  0.00000000       1.00
 Al2Si1O5                     0.00000     0.00000    
   4  3           0.00000    1.00000    2.00000    5.00000    0.00000    0.00000
  1483.00000     -2679738.90      1206.37030     -188.221360     -.733864000E-02
  0.00000000      6180000.00    
 2 -267066670.      -2.00  3205.20000      99.00
  3000.00000     -2761476.10      1197.62430     -188.221360     -.733864000E-02
  0.00000000      6180000.00    
 2 -267066670.      -2.00  16175.6000      99.00
  6000.00000     -2722394.30      1591.61120     -236.331080      0.00000000    
  0.00000000      0.00000000    
 1  0.00000000       1.00
 Al2Si1Va5                    0.00000     0.00000    
   4  3           0.00000    1.00000    2.00000    0.00000    0.00000  -10.00000
  1483.00000     -2679738.90      1206.37030     -188.221360     -.733864000E-02
  0.00000000      6180000.00    
 2 -267066670.      -2.00  3205.20000      99.00
  3000.00000     -2761476.10      1197.62430     -188.221360     -.733864000E-02
  0.00000000      6180000.00    
 2 -267066670.      -2.00  16175.6000      99.00
  6000.00000     -2722394.30      1591.61120     -236.331080      0.00000000    
  0.00000000      0.00000000    
 1  0.00000000       1.00
   3
  2.00000      1.00000      5.00000    
   1   2   2
 Al[A1]
 Al[A2]                   Si[A2]
 O[A3]                    Va[A3]
   1   1   1   1
   1   1   2   2
   1   2   1   2
   4
   1   2   3   4   1
 -83680.0000      0.00000000      0.00000000      0.00000000      0.00000000    
  0.00000000    
   4
   1   2   3   5   1
 -83680.0000      0.00000000      0.00000000      0.00000000      0.00000000    
  0.00000000    
   0
 Zincite
 QKTO 
 ZnO                          0.00000     0.00000    
   4  2           1.00000    0.00000    0.00000    1.00000    0.00000    0.00000
  2248.00000     -362567.380      293.397940     -48.2415200     -.339740800E-02
  0.00000000      0.00000000    
 2  17294726.0      -2.00 -366.189640       0.50
  3000.00000     -382004.110      382.589970     -60.6680000      0.00000000    
  0.00000000      0.00000000    
 1  0.00000000       1.00
  1.00000      1
 (Al2O3):2                    0.00000     0.00000    
   4  3           0.00000    0.00000    1.00000 1.50000000    0.00000    0.00000
  298.150000     -708978.930     -37.3508080      0.00000000      0.00000000    
 0.737938830E-05  0.00000000    
 3 -.997763330E-06   4.00 0.294936750E-08   5.00 -.271902670E-11   6.00
  2327.00000     -718092.710      512.323100     -77.5094410      0.00000000    
  0.00000000      965340.750    
 2 -1656.77400       0.50 -34090304.0      -2.00
  3000.00000     -800809.860      658.843790     -96.2320000      0.00000000    
  0.00000000      0.00000000    
 1  0.00000000       1.00
  1.00000      1
   2
   1   2   1   1 -22342.5600     -9.70688000      0.00000000      0.00000000    
  0.00000000      0.00000000    
   2
   1   2   9   1 -79077.6000      0.00000000      0.00000000      0.00000000    
  0.00000000      0.00000000    
   2
   1   2  15   1  67362.4000      13.3888000      0.00000000      0.00000000    
  0.00000000      0.00000000    
   2
   1   2   5   1  22049.6800      2.09200000      0.00000000      0.00000000    
  0.00000000      0.00000000    
   0
 Al2O3_liquid(liq)           
   4  5           0.00000    0.00000    2.00000    3.00000    0.00000    0.00000
  298.150000     -1604033.50     0.579606710      0.00000000      0.00000000    
 0.147587770E-04  0.00000000    
 3 -.199552670E-05   4.00 0.589873500E-08   5.00 -.543805330E-11   6.00
  350.150000     -1561223.60     -1673.69710      298.660000     -.633000000    
  0.00000000      0.00000000    
 1  0.00000000       1.00
  593.150000     -1638833.40      923.270530     -144.632100      0.00000000    
  0.00000000      0.00000000    
 1  0.00000000       1.00
  2327.00000     -1615242.60      1240.32720     -179.365490     0.459612400E-02
  0.00000000     -487670.490    
 2 -3313.54790       0.50 -68180608.0      -2.00
  10000.0000     -1750988.50      1342.11590     -192.464000      0.00000000    
  0.00000000      0.00000000    
 1  0.00000000       1.00
 SiO2_liquid(liq)            
   4  2           0.00000    1.00000    0.00000    2.00000    0.00000    0.00000
  1995.99000     -915415.780      562.199390     -83.5135980      0.00000000    
  0.00000000      1227680.00    
 2 -1498.77200       0.50 -46678699.0      -2.00
  3000.00000     -952208.470      564.549130     -85.7720000      0.00000000    
  0.00000000      0.00000000    
 1  0.00000000       1.00
 ZnO_liquid(liq)             
   4  2           1.00000    0.00000    0.00000    1.00000    0.00000    0.00000
  2248.00000     -308175.380      269.201940     -48.2415200     -.339740800E-02
  0.00000000      0.00000000    
 2  17294726.0      -2.00 -366.189640       0.50
  2500.00000     -327612.110      358.393970     -60.6680000      0.00000000    
  0.00000000      0.00000000    
 1  0.00000000       1.00
 Al2O3_gamma(s)              
   4  3           0.00000    0.00000    2.00000    3.00000    0.00000    0.00000
  1200.00000     -1354204.20     -619.537440      15.7332730     -.149742550E-01
  0.00000000     -2497634.50    
 2  28273.4060       0.50 -112109.370      99.00
  2327.00000      4225305.00     -9185.77720      787.515380     -.329387130E-01
  0.00000000     -131908190.    
 2  267542.910       0.50 -1525527.40      99.00
  3000.00000     -1837990.90      1379.91550     -192.464000      0.00000000    
  0.00000000      0.00000000    
 1  0.00000000       1.00
 Al2O3_delta(s2)             
   4  3           0.00000    0.00000    2.00000    3.00000    0.00000    0.00000
  1200.00000     -1368652.80     -609.154040      15.5284780     -.147358800E-01
  0.00000000     -2458065.10    
 2  27823.1640       0.50 -110319.620      99.00
  2327.00000      2217319.50     -3971.34900      288.350880      0.00000000    
 -.958771820E-06 -93660576.0    
 2  150763.690       0.50 -967134.340      99.00
  3000.00000     -1851944.90      1385.68620     -192.464000      0.00000000    
  0.00000000      0.00000000    
 1  0.00000000       1.00
 Al2O3_kappa(s3)             
   4  3           0.00000    0.00000    2.00000    3.00000    0.00000    0.00000
  1100.00000     -1737476.80      618.949600     -103.939900     -.693974500E-02
  0.00000000      4571227.10    
 2  2238.98030       0.50 -190438420.      -2.00
  2327.00000      1996439.20     -5512.92380      452.676700     -.218770160E-01
  0.00000000     -79903214.0    
 2  168810.890       0.50 -957656.860      99.00
  3000.00000     -1849802.30      1384.69780     -192.464000      0.00000000    
  0.00000000      0.00000000    
 1  0.00000000       1.00
 Al2O3_corundum(alpha(s4)    
   4  3           0.00000    0.00000    2.00000    3.00000    0.00000    0.00000
  298.150000     -1685733.90     0.610384400      0.00000000      0.00000000    
 0.147587770E-04  0.00000000    
 3 -.199552670E-05   4.00 0.589873500E-08   5.00 -.543805330E-11   6.00
  2327.00000     -1703961.40      1099.95820     -155.018880      0.00000000    
  0.00000000      1930681.50    
 2 -3313.54790       0.50 -68180608.0      -2.00
  3000.00000     -1869395.70      1392.99960     -192.464000      0.00000000    
  0.00000000      0.00000000    
 1  0.00000000       1.00
 SiO2_Quartz(l)(s)           
   4  3           0.00000    1.00000    0.00000    2.00000    0.00000    0.00000
  373.000000     -935388.520      536.025340     -80.0119920      0.00000000    
  0.00000000      1773342.00    
 2 -961.104000       0.50 -81928062.0      -2.00
  848.020000     -935486.560      537.075700     -80.0119920     -.422001090E-02
 0.753545020E-05  1773342.00    
 3 -.504587050E-08   4.00 -961.104000       0.50 -81928062.0      -2.00
  850.000050     -876151.350     -104.033790     -.418400000E-01  0.00000000    
  0.00000000      0.00000000    
 1  0.00000000       1.00
 SiO2_Quartz(h)(s2)          
   4  2           0.00000    1.00000    0.00000    2.00000    0.00000    0.00000
  1995.99000     -933315.350      533.278540     -80.0119920      0.00000000    
  0.00000000      1773342.00    
 2 -961.104000       0.50 -81928062.0      -2.00
  3000.00000     -964566.440      571.627480     -85.7720000      0.00000000    
  0.00000000      0.00000000    
 1  0.00000000       1.00
 SiO2_Tridymite(l)(s3)       
   4  2           0.00000    1.00000    0.00000    2.00000    0.00000    0.00000
  390.150000     -945992.950      500.419350     -75.3726680     -.910385350E-01
 0.205636200E-03  2979047.50    
 2 -.174182750E-06   4.00 -159707690.      -2.00
  392.150050     -902938.320     -57.0782500     -.418400000E-01  0.00000000    
  0.00000000      0.00000000    
 1  0.00000000       1.00
 SiO2_Tridymite(h)(s4)       
   4  2           0.00000    1.00000    0.00000    2.00000    0.00000    0.00000
  1991.28000     -944111.180      480.752830     -75.3726680      0.00000000    
  0.00000000      2979047.50    
 1 -159707690.      -2.00
  3000.00000     -961947.910      569.440180     -85.7720000      0.00000000    
  0.00000000      0.00000000    
 1  0.00000000       1.00
 SiO2_Cristobalite(l)(s5)    
   4  2           0.00000    1.00000    0.00000    2.00000    0.00000    0.00000
  535.150000     -926547.680      571.802890     -83.5135980     -.101049980E-01
 0.209176980E-04  1227680.00    
 3 -.162376350E-07   4.00 -1498.77200       0.50 -46678699.0      -2.00
  537.150050     -894636.820     -74.9540950     -.418400000E-01  0.00000000    
  0.00000000      0.00000000    
 1  0.00000000       1.00
 SiO2_Cristobalite(h)(s6)    
   4  2           0.00000    1.00000    0.00000    2.00000    0.00000    0.00000
  1995.99000     -924997.140      566.999700     -83.5135980      0.00000000    
  0.00000000      1227680.00    
 2 -1498.77200       0.50 -46678699.0      -2.00
  3000.00000     -961789.830      569.349440     -85.7720000      0.00000000    
  0.00000000      0.00000000    
 1  0.00000000       1.00
 SiO2_coesite(s7)            
   4  2           0.00000    1.00000    0.00000    2.00000    0.00000    0.00000
  3000.00000     -905834.720      514.416680     -78.0000110      0.00000000    
  0.00000000      1550000.50    
 2 -97633361.0      -2.00 -6688.99850      99.00
  3000.00000     -944042.270      489.034040     -75.4475960      0.00000000    
  0.00000000      0.00000000    
 1  0.00000000       1.00
 SiO2_stishovite(s8)         
   4  2           0.00000    1.00000    0.00000    2.00000    0.00000    0.00000
  3000.00000     -993685.730      353.061580     -58.1199860     -.350099970E-02
  0.00000000      6294493.30    
 2 -298799660.      -2.00  17010.0100      99.00
  3000.00000     -914932.500      565.302330     -83.4636110      0.00000000    
  0.00000000      0.00000000    
 1  0.00000000       1.00
 Al2Si2O7_solid(s)           
   1  2           0.00000    2.00000    2.00000    7.00000    0.00000    0.00000
  1800.00000     -3286163.20      1419.76630     -229.492400     -.184096000E-01
  0.00000000      728016.000    
  1800.00000     -3344192.50      1912.48760     -295.317570      0.00000000    
  0.00000000      0.00000000    
 ZnO_Zincite(s)              
   4  2           1.00000    0.00000    0.00000    1.00000    0.00000    0.00000
  2248.00000     -362567.380      293.397940     -48.2415200     -.339740800E-02
  0.00000000      0.00000000    
 2  17294726.0      -2.00 -366.189640       0.50
  2500.00000     -382004.110      382.589970     -60.6680000      0.00000000    
  0.00000000      0.00000000    
 1  0.00000000       1.00
 Zn2SiO4_Willemite(s)        
   4  2           2.00000    1.00000    0.00000    4.00000    0.00000    0.00000
  1800.00000     -1679710.80      1183.81100     -181.979360     -.679481600E-02
  0.00000000      1264278.40    
 2 -2742.73720       0.50 -24261458.0      -2.00
  1800.00000     -1728075.00      1190.73590     -189.523510      0.00000000    
  0.00000000      0.00000000    
 1  0.00000000       1.00
 O2(g)                      #
   4  4           0.00000    0.00000    0.00000    2.00000    0.00000    0.00000
  1000.00000     -5219.33240     -12.1798560     -26.9240570     -.848934080E-02
 0.112769420E-05 -114664.630    
 1 -316.646630       0.50
  4000.00000     -389938.780      638.676780     -89.6813270     0.723722440E-03
  0.00000000      9341343.00    
 2 -16506.1490       0.50  95803.9600      99.00
  6000.00000     -8951197.10      2742.76120     -249.173120      0.00000000    
  0.00000000      592489210.    
 2 -139742.680       0.50  1674792.20      99.00
  6000.00000     -42014.3020      116.924080     -44.3715340      0.00000000    
  0.00000000      0.00000000    
 1  0.00000000       1.00
 Al_solid(s)                #
   4  2           0.00000    0.00000    1.00000    0.00000    0.00000    0.00000
  1200.00000      2174.81910      262.986300     -45.9248180      0.00000000    
 -.261621450E-05  0.00000000    
 3 -2850.41890      99.00  1.02922340       1.50  990911.720      -2.00
  1201.00000     -10524.1750      188.120500     -31.7510000      0.00000000    
  0.00000000      0.00000000    
 1  0.00000000       1.00
 Si_solid(s)                #
   1  3           0.00000    1.00000    0.00000    0.00000    0.00000    0.00000
  1685.00000     -8156.53950      137.086260     -22.8091870     -.193534320E-02
  0.00000000      176496.040    
  2500.00000     -7247.81810      131.657350     -22.1035660     -.210783380E-02
  0.00000000      0.00000000    
  2500.00000     -20421.7790      214.116290     -32.6427350      0.00000000    
  0.00000000      0.00000000    
 Zn_solid(s)                #
   1  2           1.00000    0.00000    0.00000    0.00000    0.00000    0.00000
  1000.00000     -6832.49010      108.048520     -21.9804300     -.443529900E-02
 -.550979970E-06 -21533.8680    
  1001.00000     -10737.8690      171.876010     -31.3800000      0.00000000    
  0.00000000      0.00000000    
 SiO2(s)                    #
   1  1           0.00000    1.00000    0.00000    2.00000    0.00000    0.00000
  6001.00000      0.00000000      0.00000000      0.00000000      0.00000000    
  0.00000000      0.00000000    
 ZnO(s)                     #
   1  1           1.00000    0.00000    0.00000    1.00000    0.00000    0.00000
  6001.00000      0.00000000      0.00000000      0.00000000      0.00000000    
  0.00000000      0.00000000    
 Al2O3(s)                   #
   1  1           0.00000    0.00000    2.00000    3.00000    0.00000    0.00000
  6001.00000      0.00000000      0.00000000      0.00000000      0.00000000    
  0.00000000      0.00000000    
