 System O-C-H
    3    1   41   18
 O                        C                        H
    15.99940000              12.01070000               1.00794000
   6   1   2   3   4   5   6
   6   1   2   3   4   5   6
 gas_ideal
 IDMX
 H
   1  1    0.0    0.0    1.0
  6000.0000      211801.65      24.500245     -20.786000         0.00000000
     0.00000000     0.00000000
 H2
   4  4    0.0    0.0    2.0
  1200.0000     -13779.823     -17.824781     -19.825631     -.15388637E-02
 -.23830749E-06  147589.95
 1  779.44498       0.50
  4100.0000      330318.97     -121.44530     -14.387460     -.10320538E-02
     0.00000000 -10416577.
 2 -74353.404      99.00  8539.3383       0.50
  6000.0000      5123954.0     -941.72642      42.957060         0.00000000
     0.00000000 -.36536589E+09
 2 -931953.90      99.00  68151.779       0.50
  6000.0000     -43508.638      176.80798     -41.974318         0.00000000
     0.00000000     0.00000000
 1     0.00000000   0.00
 C
   4  3    0.0    1.0    0.0
  2600.0000      712234.84     -11.891684     -21.741391     0.47346994E-03
 -.53611800E-07 -28855.579
 1 -386.20250      99.00
  6000.0000      1207023.0     -98.547935     -15.608903         0.00000000
     0.00000000 -29392513.
 2  6562.6344       0.50 -91434.292      99.00
  6000.0000      701947.43      2.8618228     -23.183583         0.00000000
     0.00000000     0.00000000
 1     0.00000000   0.00
 C2
   4  3    0.0    2.0    0.0
  800.00000      871764.76      303.15125     -61.761335         0.00000000
     0.00000000 -3625790.5
 2 -3989.6220       0.50 0.18740113E+09  -2.00
  6000.0000      660845.42      577.82306     -86.913591     0.18602205E-02
 -.55497861E-07  2311422.7
 2  50919.010      99.00 -11873.025       0.50
  6000.0000      792616.68      135.07245     -46.616551         0.00000000
     0.00000000     0.00000000
 1     0.00000000   0.00
 C3
   4  3    0.0    3.0    0.0
  1500.0000      723423.86      845.05778     -121.92070     0.38058599E-02
     0.00000000  543160.92
 2  36528.039      99.00 -13274.987       0.50
  6000.0000      785920.96      310.21610     -68.644142         0.00000000
     0.00000000  1363274.3
 2  8705.9429      99.00 -3803.8336       0.50
  6000.0000      771494.48      181.33567     -57.742574         0.00000000
     0.00000000     0.00000000
 1     0.00000000   0.00
 C4
   4  3    0.0    4.0    0.0
  1400.0000      922816.78      1115.1861     -160.26358     0.54306211E-02
     0.00000000  344608.30
 2  21259.177      99.00 -11768.944       0.50
  6000.0000      977846.25      372.38730     -85.937369         0.00000000
     0.00000000  2832263.4
 2 -11212.104      99.00  930.64079       0.50
  6000.0000      922640.55      385.92943     -86.914967         0.00000000
     0.00000000     0.00000000
 1     0.00000000   0.00
 C5
   4  3    0.0    5.0    0.0
  1400.0000      917676.53      1496.0821     -206.81334     0.69790477E-02
     0.00000000  532674.46
 2  27433.257      99.00 -15301.437       0.50
  6000.0000      992263.13      530.96948     -110.35172         0.00000000
     0.00000000  3724647.1
 2 -15513.530      99.00  1289.6211       0.50
  6000.0000      915786.51      549.89052     -111.72145         0.00000000
     0.00000000     0.00000000
 1     0.00000000   0.00
 CH
   4  3    0.0    1.0    1.0
  1400.0000      555498.98     -130.55662     -9.6944188     -.10125689E-01
 0.56660920E-06  409185.68
 1  6838.3324      99.00
  6000.0000      2428795.6     -2408.3249      199.64044         0.00000000
     0.00000000 -49669050.
 3 -443574.27      99.00 -1.6051360       1.50  68338.004       0.50
  6000.0000      560810.35      127.23873     -42.999842         0.00000000
     0.00000000     0.00000000
 1     0.00000000   0.00
 CH2
   4  3    0.0    1.0    2.0
  1200.0000      233416.72      959.03495     -126.34926     0.13915425E-02
     0.00000000  1450153.0
 2  52070.373      99.00 -16089.092       0.50
  6000.0000      585154.09      175.27362     -54.752387         0.00000000
     0.00000000 -3895508.4
 2 -46928.709      99.00  3771.5557       0.50
  6000.0000      341193.37      236.20926     -59.319996         0.00000000
     0.00000000     0.00000000
 1     0.00000000   0.00
 CH3
   4  3    0.0    1.0    3.0
  1000.0000      89292.495      589.46353     -91.469698     -.55850984E-02
     0.00000000  369842.46
 2  20255.740      99.00 -7993.0268       0.50
  6000.0000      865763.18     -216.95625     -24.116674         0.00000000
     0.00000000 -17498503.
 3 -169892.27      99.00 -.32625286       1.50  20492.363       0.50
  6000.0000      74827.457      409.72369     -81.865829         0.00000000
     0.00000000     0.00000000
 1     0.00000000   0.00
 CH4
   4  3    0.0    1.0    4.0
  1300.0000     -348252.33      2678.0475     -304.93108     0.93890828E-02
     0.00000000  2096686.1
 2  110598.40      99.00 -40575.912       0.50
  6000.0000      875036.57     -245.22691     -27.091289         0.00000000
     0.00000000 -20757111.
 3 -227589.16      99.00 -.45051023       1.50  27834.953       0.50
  6000.0000     -176861.42      613.24826     -106.32214         0.00000000
     0.00000000     0.00000000
 1     0.00000000   0.00
 C2H
   4  4    0.0    2.0    1.0
  1400.0000      393131.82      718.01678     -107.19459     0.13273610E-02
     0.00000000  788645.70
 2  28714.112      99.00 -10213.165       0.50
  3000.0000      588693.48      261.11366     -63.298461     -.12522988E-02
     0.00000000 -4456574.3
 1 -22972.166      99.00
  6000.0000      3531827.4     -779.59569      15.839891         0.00000000
     0.00000000 -.14781438E+09
 2 -607756.52      99.00  54711.562       0.50
  6000.0000      421095.55      286.28826     -67.660073         0.00000000
     0.00000000     0.00000000
 1     0.00000000   0.00
 C2H2
   4  3    0.0    2.0    2.0
  1100.0000      236950.04      219.42881     -59.128297     -.75388245E-02
     0.00000000 -30409.074
 1 -6027.4022      99.00
  6000.0000      945587.62     -419.85110     -3.7791419         0.00000000
     0.00000000 -17793734.
 3 -174207.22      99.00 -.73354689       1.50  23510.584       0.50
  6000.0000      136671.34      495.45279     -94.228454         0.00000000
     0.00000000     0.00000000
 1     0.00000000   0.00
 C2H3
   1  2    0.0    2.0    3.0
  1500.0000      277102.07     -49.356514     -24.366779     -.36719412E-01
 0.31965063E-05  184003.12
  1500.0000      238126.90      417.65085     -91.208621         0.00000000
     0.00000000     0.00000000
 C2H4
   4  3    0.0    2.0    4.0
  900.00000      183776.16      535.04456     -98.973400     -.11513676E-01
     0.00000000 -1928286.0
 1 -31698.457      99.00
  6000.0000      1031498.2     -131.30808     -49.080628         0.00000000
     0.00000000 -21081619.
 3 -236917.32      99.00 -.46636156       1.50  28902.364       0.50
  6000.0000     -64281.723      758.11225     -131.14074         0.00000000
     0.00000000     0.00000000
 1     0.00000000   0.00
 C2H5
   4  2    0.0    2.0    5.0
  3000.0000      218664.00      2246.8106     -294.80000         0.00000000
     0.00000000 -2928500.0
 2  1.3786667       1.50 -20428.000       0.50
  3000.0000     -8328.0620      829.95425     -145.57563         0.00000000
     0.00000000     0.00000000
 1     0.00000000   0.00
 C2H6
   4  2    0.0    2.0    6.0
  1000.0000     -96567.813      8.5247214     -34.738023     0.18404168E-01
 -.78433544E-04     0.00000000
 2 0.46083172E-07   4.00 -.10339093E-10   5.00
  1000.0000     -142574.77      635.20502     -122.31476         0.00000000
     0.00000000     0.00000000
 1     0.00000000   0.00
 O
   4  3    1.0    0.0    0.0
  2200.0000      242682.20     -30.020448     -19.964968     -.13194946E-03
 0.61589319E-08 -29327.439
 1  83.809856       0.50
  6000.0000     -84471.471      186.78944     -38.050669         0.00000000
     0.00000000  12120739.
 2  70811.436      99.00 -8330.8535       0.50
  6000.0000      236685.00     -8.3771889     -22.291487         0.00000000
     0.00000000     0.00000000
 1     0.00000000   0.00
 O2
   4  4    2.0    0.0    0.0
  1000.0000     -5219.3324     -12.179856     -26.924057     -.84893408E-02
 0.11276942E-05 -114664.63
 1 -316.64663       0.50
  4000.0000     -389938.78      638.67678     -89.681327     0.72372244E-03
     0.00000000  9341343.0
 2 -16506.149       0.50  95803.960      99.00
  6000.0000     -8951197.1      2742.7612     -249.17312         0.00000000
     0.00000000 0.59248921E+09
 2 -139742.68       0.50  1674792.2      99.00
  6000.0000     -42014.302      116.92408     -44.371534         0.00000000
     0.00000000     0.00000000
 1     0.00000000   0.00
 O3
   4  3    3.0    0.0    0.0
  1900.0000      200310.28      315.13014     -76.555764     0.46115697E-02
 -.32267167E-06 -821844.45
 1 -15871.007      99.00
  6000.0000     -95706.532      344.94952     -73.713624         0.00000000
     0.00000000  9320171.5
 2  47079.583      99.00 -6138.3410       0.50
  6000.0000      107048.81      191.83924     -61.231023         0.00000000
     0.00000000     0.00000000
 1     0.00000000   0.00
 OH
   4  4    1.0    0.0    1.0
  1300.0000      15124.539     -53.228376     -20.563267     -.36262413E-02
 0.34198989E-07  189112.08
 1  3436.3138      99.00
  4000.0000      349207.50     -117.24675     -20.415378     -.46215318E-03
     0.00000000 -9626333.3
 2 -69526.518      99.00  7577.0060       0.50
  6000.0000     -1183915.3      523.77324     -73.005362         0.00000000
     0.00000000  79896619.
 2  230246.83      99.00 -20920.359       0.50
  6000.0000      6770.0965      99.135663     -39.420964         0.00000000
     0.00000000     0.00000000
 1     0.00000000   0.00
 H2O
   4  4    1.0    0.0    2.0
  1100.0000     -255475.81     -15.282587     -25.781640     -.74748581E-02
 0.92059316E-07  13999.660
 1  1107.2718      99.00
  4000.0000      152152.28      164.70757     -53.145789     -.80540038E-04
     0.00000000 -12075583.
 2 -83128.276      99.00  5947.3700       0.50
  6000.0000     -4469439.5      1472.4424     -155.19083         0.00000000
     0.00000000 0.29826420E+09
 2  778290.99      99.00 -64372.340       0.50
  6000.0000     -302989.76      260.62247     -60.574924         0.00000000
     0.00000000     0.00000000
 1     0.00000000   0.00
 HOO
   4  3    2.0    0.0    1.0
  2100.0000      15697.283      255.13384     -62.913975     -.11689159E-02
     0.00000000 -405639.23
 2 -2663.7114      99.00 -1996.0491       0.50
  6000.0000      1105560.9     -244.54895     -24.892588         0.00000000
     0.00000000 -42897102.
 2 -231446.38      99.00  22310.750       0.50
  6000.0000     -41569.824      209.48530     -60.708998         0.00000000
     0.00000000     0.00000000
 1     0.00000000   0.00
 HOOH
   4  2    2.0    0.0    2.0
  1500.0000     -85550.955      331.73213     -78.314851     0.26315727E-02
 -.53029881E-06 -685226.23
 1 -14710.134      99.00
  1500.0000     -166774.40      243.96699     -68.381500         0.00000000
     0.00000000     0.00000000
 1     0.00000000   0.00
 CO
   4  3    1.0    1.0    0.0
  1700.0000     -203680.54      609.35468     -90.753584     0.31175713E-02
     0.00000000  770627.67
 2  32063.316      99.00 -10357.020       0.50
  6000.0000     -224220.54      142.21490     -44.086320         0.00000000
     0.00000000  5816543.2
 2  20893.908      99.00 -2749.1074       0.50
  6000.0000     -133600.03      72.371771     -38.372791         0.00000000
     0.00000000     0.00000000
 1     0.00000000   0.00
 C2O
   4  3    1.0    2.0    0.0
  2300.0000      231186.62      664.35777     -107.49204     0.18364932E-02
     0.00000000  413854.90
 2  19637.467      99.00 -8280.8929       0.50
  6000.0000      276457.54      102.96587     -54.804651         0.00000000
     0.00000000  10638866.
 2 -14952.771      99.00  3832.3311       0.50
  6000.0000      257586.58      214.98181     -64.090270         0.00000000
     0.00000000     0.00000000
 1     0.00000000   0.00
 CO2
   4  3    2.0    1.0    0.0
  1900.0000     -415578.81      642.65849     -103.34460     0.23713031E-02
     0.00000000  20124.522
 2 -6993.1489       0.50  11004.741      99.00
  6000.0000      402917.74     -923.17324      49.197241         0.00000000
     0.00000000 -21647150.
 3 -.82448878       1.50  30319.476       0.50 -196911.68      99.00
  6000.0000     -439389.21      251.60871     -64.940924         0.00000000
     0.00000000     0.00000000
 1     0.00000000   0.00
 C3O2
   4  3    2.0    3.0    0.0
  1400.0000     -233348.58      1753.8120     -234.75261     0.83038458E-02
     0.00000000  1214665.1
 2  53046.991      99.00 -21646.368       0.50
  6000.0000     -54630.888      487.70053     -109.73369         0.00000000
     0.00000000  2913316.3
 2 -20511.152      99.00  1708.0096       0.50
  6000.0000     -157027.98      513.96765     -111.66589         0.00000000
     0.00000000     0.00000000
 1     0.00000000   0.00
 HCO
   4  3    1.0    1.0    1.0
  1400.0000     -93290.432      1232.8602     -160.80469     0.66623026E-02
     0.00000000  1052154.4
 2  52330.676      99.00 -18930.139       0.50
  6000.0000     -24917.759      289.24730     -66.633861         0.00000000
     0.00000000  4501253.3
 2  10905.154      99.00 -2672.5589       0.50
  6000.0000     -611.56518      205.22747     -59.575671         0.00000000
     0.00000000     0.00000000
 1     0.00000000   0.00
 H2CO
   4  3    1.0    1.0    2.0
  1500.0000     -295781.09      1973.8913     -238.02814     0.93667329E-02
     0.00000000  1231897.1
 2  75048.343      99.00 -29079.923       0.50
  6000.0000      21667.245      335.23812     -78.476982         0.00000000
     0.00000000  1837946.9
 2 -39940.872      99.00  3243.8638       0.50
  6000.0000     -181874.76      385.46037     -82.187587         0.00000000
     0.00000000     0.00000000
 1     0.00000000   0.00
 CH3O(g)
   4  3    1.0    1.0    3.0
  1100.0000      69019.597      1128.9534     -159.20000         0.00000000
     0.00000000 -1527000.0
 1 -10800.000       0.50
  3000.0000     -22782.454      739.63027     -122.60000         0.00000000
     0.00000000  8010000.0
 1 -3882.0000       0.50
  3000.0000     -65258.928      527.68904     -103.10118         0.00000000
     0.00000000     0.00000000
 1     0.00000000   0.00
 CH3O(g2)
   4  3    1.0    1.0    3.0
  1100.0000      12469.392      918.81208     -141.10000         0.00000000
     0.00000000 -903000.00
 1 -7932.0000       0.50
  3000.0000     -42547.201      720.04007     -122.80000         0.00000000
     0.00000000  5550000.0
 1 -4108.0000       0.50
  3000.0000     -91398.308      501.94210     -102.81630         0.00000000
     0.00000000     0.00000000
 1     0.00000000   0.00
 CH3OH
   1  2    1.0    1.0    4.0
  1000.0000     -206262.45     -177.07955     -4.3095200     -.64362472E-01
 0.73505907E-05 -226772.80
  1000.0000     -242129.65      389.22590     -89.384466         0.00000000
     0.00000000     0.00000000
 CH2CO
   4  2    1.0    2.0    2.0
  1200.0000     -27492.980      1051.9303     -156.60000         0.00000000
     0.00000000 -719500.00
 1 -8740.0000       0.50
  1200.0000     -105581.93      424.07760     -94.523789         0.00000000
     0.00000000     0.00000000
 1     0.00000000   0.00
 C2H4O(g)
   4  3    1.0    2.0    4.0
  1300.0000     -23352.111      2084.3613     -268.89977     0.48034424E-02
     0.00000000 -1136999.7
 2  16283.460      99.00 -20605.113       0.50
  6000.0000      913007.35      23.642904     -73.674390         0.00000000
     0.00000000 -19280225.
 3 -237935.39      99.00 -.46804021       1.50  29030.571       0.50
  6000.0000     -186104.54      915.81899     -155.97606         0.00000000
     0.00000000     0.00000000
 1     0.00000000   0.00
 C2H4O(g2)
   4  2    1.0    2.0    4.0
  1200.0000     -100537.81      1594.0571     -219.80000         0.00000000
     0.00000000 -1609000.0
 1 -13964.000       0.50
  1200.0000     -226832.93      596.41099     -121.25823         0.00000000
     0.00000000     0.00000000
 1     0.00000000   0.00
 CH3CH2OH(g)
   1  2    1.0    2.0    6.0
  1500.0000     -256924.78      31.301527     -39.120400     -.74642560E-01
 0.70514347E-05  288696.00
  1500.0000     -328906.32      922.89779     -167.59709         0.00000000
     0.00000000     0.00000000
 CH3CH2OH(g2)
   1  1    1.0    2.0    6.0
  300.00005     -203252.56      164.89084     -64.391760         0.00000000
     0.00000000     0.00000000
 COOH
   4  2    2.0    1.0    1.0
  3000.0000     -123617.07      386.75821     -87.110000         0.00000000
     0.00000000 -1344000.0
 2  251.96000       0.50 -23100.000      99.00
  3000.0000     -260706.05      325.20612     -80.858701         0.00000000
     0.00000000     0.00000000
 1     0.00000000   0.00
 HCOOH
   4  2    2.0    1.0    2.0
  1200.0000     -345604.80      971.25487     -147.60000         0.00000000
     0.00000000 -793000.00
 1 -8304.0000       0.50
  1200.0000     -420162.88      376.02810     -88.772431         0.00000000
     0.00000000     0.00000000
 1     0.00000000   0.00
 CH3COOH
   4  2    2.0    2.0    4.0
  1200.0000     -395500.10      1806.7543     -244.80000         0.00000000
     0.00000000 -1338000.0
 1 -14392.000       0.50
  1200.0000     -524598.48      774.70851     -142.79302         0.00000000
     0.00000000     0.00000000
 1     0.00000000   0.00
 HOOH_liquid(liq)
   1  2    2.0    0.0    2.0
  1500.0000     -213984.57      487.14247     -89.098000         0.00000000
     0.00000000     0.00000000
  1501.0000     -182829.57      314.47688     -68.328000         0.00000000
     0.00000000     0.00000000
 CH3OH_liquid(liq)
   1  1    1.0    1.0    4.0
  400.00005     -263022.66      419.75200     -81.588000         0.00000000
     0.00000000     0.00000000
 C2H4O_Oxirane_liqui(liq)
   1  1    1.0    2.0    4.0
  300.00005     -102091.88      434.52448     -87.848000         0.00000000
     0.00000000     0.00000000
 C2H4O_Acetaldehyde_(liq)
   1  1    1.0    2.0    4.0
  310.00005     -227013.21      520.75136     -101.67100         0.00000000
     0.00000000     0.00000000
 CH3CH2OH_liquid(liq)
   1  1    1.0    2.0    6.0
  352.00005     -310828.25      585.53825     -111.41992         0.00000000
     0.00000000     0.00000000
 HCOOH_liquid(liq)
   4  3    2.0    1.0    2.0
  400.00000     -452464.85      535.18939     -99.161000         0.00000000
     0.00000000     0.00000000
 1     0.00000000   0.00
  401.00000     -384835.45      1076.4927     -147.60000         0.00000000
     0.00000000 -793000.00
 1 -8304.0000       0.50
  401.00005     -434317.54      217.99814     -53.792630         0.00000000
     0.00000000     0.00000000
 1     0.00000000   0.00
 CH3COOH_liquid(liq)
   1  1    2.0    2.0    4.0
  389.00005     -520876.54      666.56067     -123.38600         0.00000000
     0.00000000     0.00000000
 (CH2OH)2_liquid(liq)
   1  1    2.0    2.0    6.0
  300.00005     -499459.85      836.27266     -149.78720         0.00000000
     0.00000000     0.00000000
 H2O_liquid(liq)
   4  2    1.0    0.0    2.0
  500.00000     -256638.94     -1118.6247      203.11898     -.76034980
 0.53188744E-03 -1924378.8
 1 -.20591320E-06   4.00
  500.00005     -312003.88      493.71232     -83.664491         0.00000000
     0.00000000     0.00000000
 1     0.00000000   0.00
 C_Graphite(s)
   4  3    0.0    1.0    0.0
  1000.0000      20210.977      515.67115     -61.179098     0.40088454E-02
     0.00000000 -412784.99
 2 -4096.0558       0.50  1100795.9      -2.00
  6000.0000     -13835.847      176.39550     -24.778075     -.47936188E-03
     0.00000000  1441704.2
 1 -158.76941       0.50
  6000.0000     -33206.295      219.62603     -29.937896         0.00000000
     0.00000000     0.00000000
 1     0.00000000   0.00
 C_diamond(s2)
   4  2    0.0    1.0    0.0
  3000.0000      30879.186      209.52835     -28.008000     -.21380000E-03
     0.00000000 -155590.00
 1 -7729.5000      99.00
  3000.0000     -17678.685      194.34620     -26.748876         0.00000000
     0.00000000     0.00000000
 1     0.00000000   0.00
 H2O_Ice(s)
   1  1    1.0    0.0    2.0
  273.00005     -303622.94      198.23209     -36.246000         0.00000000
     0.00000000     0.00000000
 H2(g)                   #
   4  4    0.0    0.0    2.0
  1200.0000     -13779.823     -17.824781     -19.825631     -.15388637E-02
 -.23830749E-06  147589.95
 1  779.44498       0.50
  4100.0000      330318.97     -121.44530     -14.387460     -.10320538E-02
     0.00000000 -10416577.
 2 -74353.404      99.00  8539.3383       0.50
  6000.0000      5123954.0     -941.72642      42.957060         0.00000000
     0.00000000 -.36536589E+09
 2 -931953.90      99.00  68151.779       0.50
  6000.0000     -43508.638      176.80798     -41.974318         0.00000000
     0.00000000     0.00000000
 1     0.00000000   0.00
 C_Graphite(s)           #
   4  3    0.0    1.0    0.0
  1000.0000      20210.977      515.67115     -61.179098     0.40088454E-02
     0.00000000 -412784.99
 2 -4096.0558       0.50  1100795.9      -2.00
  6000.0000     -13835.847      176.39550     -24.778075     -.47936188E-03
     0.00000000  1441704.2
 1 -158.76941       0.50
  6000.0000     -33206.295      219.62603     -29.937896         0.00000000
     0.00000000     0.00000000
 1     0.00000000   0.00
 O2(g)                   #
   4  4    2.0    0.0    0.0
  1000.0000     -5219.3324     -12.179856     -26.924057     -.84893408E-02
 0.11276942E-05 -114664.63
 1 -316.64663       0.50
  4000.0000     -389938.78      638.67678     -89.681327     0.72372244E-03
     0.00000000  9341343.0
 2 -16506.149       0.50  95803.960      99.00
  6000.0000     -8951197.1      2742.7612     -249.17312         0.00000000
     0.00000000 0.59248921E+09
 2 -139742.68       0.50  1674792.2      99.00
  6000.0000     -42014.302      116.92408     -44.371534         0.00000000
     0.00000000     0.00000000
 1     0.00000000   0.00
 C(s)                    #
   1  1    0.0    1.0    0.0
  6001.0000         0.00000000     0.00000000     0.00000000     0.00000000
     0.00000000     0.00000000
 H(s)                    #
   1  1    0.0    0.0    1.0
  6001.0000         0.00000000     0.00000000     0.00000000     0.00000000
     0.00000000     0.00000000
 O(s)                    #
   1  1    1.0    0.0    0.0
  6001.0000         0.00000000     0.00000000     0.00000000     0.00000000
     0.00000000     0.00000000
