 System Zn-Ca-O
    3    4    0    3    2    2    7
 Zn                       Ca                       O
    65.38000000              40.07800000              15.99940000
   6   1   2   3   4   5   6
   6   1   2   3   4   5   6
 Slag-liq
 SUBQ
   2   2
 CaO
   4  2    0.0    1.0    1.0
  2845.1599     -571766.66      348.73580     -58.791171         0.00000000
     0.00000000  573573.05
 2 -535.61610       0.50 -17163136.      -2.00
  9999.0000     -596946.67      379.18009     -62.760000         0.00000000
     0.00000000     0.00000000
 1     0.00000000   0.00
  1.00000      1.00000         0.000000     0.000000     0.000000
  1.37700
 ZnO
   4  2    1.0    0.0    1.0
  2248.0000     -308175.39      269.20194     -48.241520     -.33974080E-02
     0.00000000     0.00000000
 2  17294726.      -2.00 -366.18964       0.50
  9999.0000     -329653.95      366.31221     -61.576285         0.00000000
     0.00000000     0.00000000
 1     0.00000000   0.00
  1.00000      1.00000         0.000000     0.000000     0.000000
  1.37700
   2   1
 Ca                       Zn
 O
  2.00000      2.00000
   1   1
  2.00000
   2
   1   2
   1   1
   1   1   3   3  1.3774438      1.3774438      1.3774438      1.3774438
   2   2   3   3  1.3774438      1.3774438      1.3774438      1.3774438
   3
 Q   1   2   3   3   0   0   0   0
     0.00000000   1.00     0.00000000   1.00     0.00000000   1.00
     0.00000000   0.00     0.00000000   0.00     0.00000000   0.00
   0   0 -26652.080         0.00000000     0.00000000     0.00000000
     0.00000000     0.00000000
   3
 Q   1   2   3   3   0   1   0   0
     0.00000000   1.00     0.00000000   1.00     0.00000000   1.00
     0.00000000   0.00     0.00000000   0.00     0.00000000   0.00
   0   0 -25104.000         0.00000000     0.00000000     0.00000000
     0.00000000     0.00000000
   0
 Monoxide
 QKTOM
 0.333333     0.280000
 CaO
  16  2    0.0    1.0    1.0
  2845.1600     -651262.65      376.67656     -58.791171         0.00000000
     0.00000000  573572.99
 2 -535.61600       0.50 -17163131.      -2.00
  3500.0000     -676442.66      407.12085     -62.760000         0.00000000
     0.00000000     0.00000000
 1     0.00000000   0.00
     0.000000     0.000000
  1.00000      2
 ZnO
  16  2    1.0    0.0    1.0
  2248.0000     -350015.38      293.39794     -48.241520     -.33974080E-02
     0.00000000     0.00000000
 2  17294726.      -2.00 -366.18964       0.50
  3500.0000     -371493.94      390.50821     -61.576285         0.00000000
     0.00000000     0.00000000
 1     0.00000000   0.00
     0.000000     0.000000
  1.00000      2
   0
   2
   1   2   1   1  49371.200     -21.756800         0.00000000     0.00000000
     0.00000000     0.00000000
   2
   1   2   2   1  12552.000         0.00000000     0.00000000     0.00000000
     0.00000000     0.00000000
   0
 Zincite
 QKTO
 CaO
   4  2    0.0    1.0    1.0
  2845.1600     -584318.66      364.12456     -58.791171         0.00000000
     0.00000000  573572.99
 2 -535.61600       0.50 -17163131.      -2.00
  3500.0000     -609498.67      394.56885     -62.760000         0.00000000
     0.00000000     0.00000000
 1     0.00000000   0.00
  1.00000      1
 ZnO
   4  2    1.0    0.0    1.0
  2248.0000     -362567.38      293.39794     -48.241520     -.33974080E-02
     0.00000000     0.00000000
 2  17294726.      -2.00 -366.18964       0.50
  3500.0000     -382004.11      382.58997     -60.668000         0.00000000
     0.00000000     0.00000000
 1     0.00000000   0.00
  1.00000      1
   0
 CaO_Lime(s)
   4  2    0.0    1.0    1.0
  2845.1600     -651262.66      376.67656     -58.791171         0.00000000
     0.00000000  573572.99
 2 -535.61600       0.50 -17163131.      -2.00
  3500.0000     -676442.67      407.12085     -62.760000         0.00000000
     0.00000000     0.00000000
 1     0.00000000   0.00
 ZnO_Zincite(s)
   4  2    1.0    0.0    1.0
  2248.0000     -362567.38      293.39794     -48.241520     -.33974080E-02
     0.00000000     0.00000000
 2  17294726.      -2.00 -366.18964       0.50
  2500.0000     -382004.11      382.58997     -60.668000         0.00000000
     0.00000000     0.00000000
 1     0.00000000   0.00
 O2(g)                   #
   4  4    0.0    0.0    2.0
  1000.0000     -5219.3324     -12.179856     -26.924057     -.84893408E-02
 0.11276942E-05 -114664.63
 1 -316.64663       0.50
  4000.0000     -389938.78      638.67678     -89.681327     0.72372244E-03
     0.00000000  9341343.0
 2 -16506.149       0.50  95803.960      99.00
  6000.0000     -8951197.1      2742.7612     -249.17312         0.00000000
     0.00000000 0.59248921E+09
 2 -139742.68       0.50  1674792.2      99.00
  6000.0000     -42014.302      116.92408     -44.371534         0.00000000
     0.00000000     0.00000000
 1     0.00000000   0.00
 Ca_Solid_Alpha(s)       #
   4  3    0.0    1.0    0.0
  1100.0000     -20289.826      5.7135695     -7.2407205     -.15879227E-01
 0.53889390E-06  89714.089
 1  3437.1206      99.00
  1500.0000     -90294.540     -138.06623      10.498266     -.18904688E-01
     0.00000000  2230770.0
 1  16851.838      99.00
  1501.0000     -6642.6644      193.69992     -35.000000         0.00000000
     0.00000000     0.00000000
 1     0.00000000   0.00
 Zn_solid(s)             #
   1  2    1.0    0.0    0.0
  1000.0000     -6832.4901      108.04852     -21.980430     -.44352990E-02
 -.55097997E-06 -21533.868
  1001.0000     -10737.869      171.87601     -31.380000         0.00000000
     0.00000000     0.00000000
 CaO(s)                  #
   1  1    0.0    1.0    1.0
  6001.0000         0.00000000     0.00000000     0.00000000     0.00000000
     0.00000000     0.00000000
 ZnO(s)                  #
   1  1    1.0    0.0    1.0
  6001.0000         0.00000000     0.00000000     0.00000000     0.00000000
     0.00000000     0.00000000
