 System Ca-Si-O
    3   10   11    3    3    1    1    2    2    1    1    1   24
 Ca                       Si                       O
    40.07800000              28.08550000              15.99940000
   6   1   2   3   4   5   6
   6   1   2   3   4   5   6
 gas_ideal
 IDMX
 O
   4  3    0.0    0.0    1.0
  2200.0000      242682.20     -30.020448     -19.964968     -.13194946E-03
 0.61589319E-08 -29327.439
 1  83.809856       0.50
  6000.0000     -84471.471      186.78944     -38.050669         0.00000000
     0.00000000  12120739.
 2  70811.436      99.00 -8330.8535       0.50
  6000.0000      236685.00     -8.3771889     -22.291487         0.00000000
     0.00000000     0.00000000
 1     0.00000000   0.00
 O2
   4  4    0.0    0.0    2.0
  1000.0000     -5219.3324     -12.179856     -26.924057     -.84893408E-02
 0.11276942E-05 -114664.63
 1 -316.64663       0.50
  4000.0000     -389938.78      638.67678     -89.681327     0.72372244E-03
     0.00000000  9341343.0
 2 -16506.149       0.50  95803.960      99.00
  6000.0000     -8951197.1      2742.7612     -249.17312         0.00000000
     0.00000000 0.59248921E+09
 2 -139742.68       0.50  1674792.2      99.00
  6000.0000     -42014.302      116.92408     -44.371534         0.00000000
     0.00000000     0.00000000
 1     0.00000000   0.00
 O3
   4  3    0.0    0.0    3.0
  1900.0000      200310.28      315.13014     -76.555764     0.46115697E-02
 -.32267167E-06 -821844.45
 1 -15871.007      99.00
  6000.0000     -95706.532      344.94952     -73.713624         0.00000000
     0.00000000  9320171.5
 2  47079.583      99.00 -6138.3410       0.50
  6000.0000      107048.81      191.83924     -61.231023         0.00000000
     0.00000000     0.00000000
 1     0.00000000   0.00
 Si
   4  4    0.0    1.0    0.0
  1500.0000      445570.59     -20.859921     -22.013617     0.92847675E-03
 -.16303391E-06 -79739.419
 1 -324.66877      99.00
  3504.6200      340880.14      355.61061     -56.923362     0.10639292E-02
     0.00000000 -16663.230
 2  34541.637      99.00 -8596.5615       0.50
  6000.0000     -829815.84      311.63368     -47.882437         0.00000000
     0.00000000  90175424.
 2  232882.35      99.00 -18145.267       0.50
  6000.0000      439118.24     -9.3409326     -23.122819         0.00000000
     0.00000000     0.00000000
 1     0.00000000   0.00
 Si2
   4  3    0.0    2.0    0.0
  1500.0000      572653.88      8.9745724     -36.803360     -.11140520E-03
 -.21253500E-06  31951.870
 1 0.12991358E-10   4.00
  6000.0000      577194.72     -15.116520     -33.648480     -.12258010E-02
 -.10859650E-06 -1222833.0
 1 0.91246917E-11   4.00
  6000.0000      544853.69      107.81302     -48.231670         0.00000000
     0.00000000     0.00000000
 1     0.00000000   0.00
 Si3
   4  3    0.0    3.0    0.0
  1500.0000      610951.83      47.993223     -46.948680     -.19674900E-01
 0.58692150E-05  217820.10
 1 -.86128342E-09   4.00
  6000.0000      629144.28      10.788832     -44.867810     -.50051570E-02
 0.23531670E-06 -5094745.0
 1 -.46830840E-11   4.00
  6000.0000      594252.27      182.28018     -66.522882         0.00000000
     0.00000000     0.00000000
 1     0.00000000   0.00
 SiO
   4  3    0.0    1.0    1.0
  1500.0000     -106328.82     -55.156865     -22.289180     -.14076350E-01
 0.32740433E-05 -36687.960
 1 -.40728230E-09   4.00
  6000.0000     -108244.66      5.1082575     -31.992510     -.22267760E-02
 0.20200100E-06 -549071.60
 1 -.10198190E-10   4.00
  6000.0000     -133197.47      84.069526     -41.545818         0.00000000
     0.00000000     0.00000000
 1     0.00000000   0.00
 SiO2
   4  4    0.0    1.0    2.0
  1000.0000     -308897.42      344.64250     -76.030000         0.00000000
     0.00000000     0.00000000
 1 -2224.0000       0.50
  2400.0000     -317759.94      259.79682     -67.500000         0.00000000
     0.00000000     0.00000000
 1 -1124.0000       0.50
  6000.0000     -331016.15      194.77933     -61.360000     -.79850000E-04
     0.00000000     0.00000000
 1     0.00000000   0.00
  6000.0000     -333890.75      203.11521     -62.318200         0.00000000
     0.00000000     0.00000000
 1     0.00000000   0.00
 Ca
   4  4    1.0    0.0    0.0
  1773.6600      171600.93     -15.630979     -20.791789         0.00000000
     0.00000000     0.00000000
 1     0.00000000   0.00
  4200.0000      19927184.     -32491.906      2970.5188     -.12209243
 0.18267634E-05 -.49530310E+09
 2 -4984665.1      99.00  857152.09       0.50
  6000.0000      19026562.      5723.6004     -592.69950     0.16058747E-01
     0.00000000 -.20140619E+10
 1 -2724023.3      99.00
  6000.0000      12334.532      330.78693     -57.882977         0.00000000
     0.00000000     0.00000000
 1     0.00000000   0.00
 Ca2
   4  3    2.0    0.0    0.0
  1500.0000      332732.66      11.007326     -42.487640     0.24521170E-01
 -.65553380E-05 -265487.10
 1 0.89278250E-09   4.00
  3000.0000      341877.03     -129.29031     -20.664100     -.28050490E-04
 0.16426470E-08 -974311.30
 1 -.51120680E-13   4.00
  3000.0000      340465.64     -126.49544     -20.976777         0.00000000
     0.00000000     0.00000000
 1     0.00000000   0.00
 CaO
   4  4    1.0    0.0    1.0
  1400.0000      78867.788      205.64202     -61.549181     0.12802635E-01
 -.17124492E-05 -537947.00
 1 -10352.275      99.00
  3800.0000      37566280.     -406018.91      48763.221      3.2756916
 -.28319660E-04 -.32937800E+09
 3 -14615549.      99.00 -1162.6130       1.50  5256160.3       0.50
  6000.0000     -12975649.      3153.8112     -282.26195         0.00000000
     0.00000000 0.87345172E+09
 2  2367789.3      99.00 -178046.56       0.50
  6000.0000      21834.712      158.20285     -53.725595         0.00000000
     0.00000000     0.00000000
 1     0.00000000   0.00
 Slag-liq
 SUBQ
   2   2
 SiO2
   4  4    0.0    1.0    2.0
  50.000000     -913283.22     -.40204120         0.00000000     0.00000000
     0.00000000     0.00000000
 3 -.25000000E-04   4.00 0.40163700E-06   5.00 -.20477600E-08   6.00
  298.15000     -913268.17     -4.6018350      1.5872765     -.65441286E-01
 -.13354133E-03     0.00000000
 2 0.33803750E-06   4.00 -.27740200E-09   5.00
  3500.0000     -941522.55     -1322.1123      209.89030     0.77921616E-01
 -.15381266E-05  692179.82
 3 -2886.8039      99.00 -15.551192       1.50  8523.7139       0.50
  6000.0000     -946715.52      539.20553     -82.807867         0.00000000
     0.00000000     0.00000000
 1     0.00000000   0.00
  1.00000      2.00000         0.000000     0.000000     0.000000
  1.83700
 CaO
   4  4    1.0    0.0    1.0
  50.000000     -598237.23     0.11781883         0.00000000     0.00000000
     0.00000000     0.00000000
 2 -.16518417E-05   4.00 -.12686350E-08   5.00
  298.15000     -598107.41     -20.787923      5.2989750     -.36115757E-01
 -.37775083E-03     0.00000000
 2 0.96419167E-06   4.00 -.82880000E-09   5.00
  1392.6000     -923714.81      42917.122     -6289.7291     -1.7893210
 0.59533664E-04  818136.09
 3  382958.01      99.00  309.76100       1.50 -313440.47       0.50
  6000.0000     -641791.85      576.24914     -85.300000         0.00000000
     0.00000000     0.00000000
 1     0.00000000   0.00
  1.00000      1.00000         0.000000     0.000000     0.000000
  1.37700
   2   1
 Si                       Ca
 O
  4.00000      2.00000
   2   1
  2.00000
   2
   1   2
   1   1
   1   1   3   3  2.7548875      2.7548875      1.3774438      1.3774438
   2   2   3   3  1.3774438      1.3774438      1.3774438      1.3774438
   3
 B   1   2   3   3   0   0   0   0
     0.00000000   1.00     0.00000000   1.00     0.00000000   1.00
     0.00000000   0.00     0.00000000   0.00     0.00000000   0.00
   0   0 -61421.266         0.00000000     0.00000000     0.00000000
     0.00000000     0.00000000
   3
 G   1   2   3   3   0   0   0   0
     0.00000000   1.00     0.00000000   1.00     0.00000000   1.00
     0.00000000   0.00     0.00000000   0.00     0.00000000   0.00
   0   0 -123633.26      4.9954244         0.00000000     0.00000000
     0.00000000     0.00000000
   3
 G   1   2   3   3   0   1   0   0
     0.00000000   1.00     0.00000000   1.00     0.00000000   1.00
     0.00000000   0.00     0.00000000   0.00     0.00000000   0.00
   0   0  23835.326     -6.0690227         0.00000000     0.00000000
     0.00000000     0.00000000
   3
 G   1   2   3   3   0   2   0   0
     0.00000000   1.00     0.00000000   1.00     0.00000000   1.00
     0.00000000   0.00     0.00000000   0.00     0.00000000   0.00
   0   0  7288.4858         0.00000000     0.00000000     0.00000000
     0.00000000     0.00000000
   3
 G   1   2   3   3   1   0   0   0
     0.00000000   1.00     0.00000000   1.00     0.00000000   1.00
     0.00000000   0.00     0.00000000   0.00     0.00000000   0.00
   0   0  23944.735     -28.141364         0.00000000     0.00000000
     0.00000000     0.00000000
   3
 G   1   2   3   3   3   0   0   0
     0.00000000   1.00     0.00000000   1.00     0.00000000   1.00
     0.00000000   0.00     0.00000000   0.00     0.00000000   0.00
   0   0  260346.16         0.00000000     0.00000000     0.00000000
     0.00000000     0.00000000
   3
 G   1   2   3   3   4   0   0   0
     0.00000000   1.00     0.00000000   1.00     0.00000000   1.00
     0.00000000   0.00     0.00000000   0.00     0.00000000   0.00
   0   0 -281246.13     -24.408499         0.00000000     0.00000000
     0.00000000     0.00000000
   3
 G   1   2   3   3   5   0   0   0
     0.00000000   1.00     0.00000000   1.00     0.00000000   1.00
     0.00000000   0.00     0.00000000   0.00     0.00000000   0.00
   0   0  245141.60         0.00000000     0.00000000     0.00000000
     0.00000000     0.00000000
   3
 G   1   2   3   3   7   0   0   0
     0.00000000   1.00     0.00000000   1.00     0.00000000   1.00
     0.00000000   0.00     0.00000000   0.00     0.00000000   0.00
   0   0 -191208.80         0.00000000     0.00000000     0.00000000
     0.00000000     0.00000000
   3
 G   1   2   3   3   9   0   0   0
     0.00000000   1.00     0.00000000   1.00     0.00000000   1.00
     0.00000000   0.00     0.00000000   0.00     0.00000000   0.00
   0   0  176146.40      13.388800         0.00000000     0.00000000
     0.00000000     0.00000000
   3
 G   1   2   3   3  11   0   0   0
     0.00000000   1.00     0.00000000   1.00     0.00000000   1.00
     0.00000000   0.00     0.00000000   0.00     0.00000000   0.00
   0   0  10041.600         0.00000000     0.00000000     0.00000000
     0.00000000     0.00000000
   3
 G   1   2   3   3  14   0   0   0
     0.00000000   1.00     0.00000000   1.00     0.00000000   1.00
     0.00000000   0.00     0.00000000   0.00     0.00000000   0.00
   0   0 -383714.64     -30.543200         0.00000000     0.00000000
     0.00000000     0.00000000
   3
 G   1   2   3   3  15   0   0   0
     0.00000000   1.00     0.00000000   1.00     0.00000000   1.00
     0.00000000   0.00     0.00000000   0.00     0.00000000   0.00
   0   0  379781.68         0.00000000     0.00000000     0.00000000
     0.00000000     0.00000000
   0
 Slag-liq
 SUBQ
   2   2
 SiO2
   4  4    0.0    1.0    2.0
  50.000000     -913283.22     -.40204120         0.00000000     0.00000000
     0.00000000     0.00000000
 3 -.25000000E-04   4.00 0.40163700E-06   5.00 -.20477600E-08   6.00
  298.15000     -913268.17     -4.6018350      1.5872765     -.65441286E-01
 -.13354133E-03     0.00000000
 2 0.33803750E-06   4.00 -.27740200E-09   5.00
  3500.0000     -941522.55     -1322.1123      209.89030     0.77921616E-01
 -.15381266E-05  692179.82
 3 -2886.8039      99.00 -15.551192       1.50  8523.7139       0.50
  6000.0000     -946715.52      539.20553     -82.807867         0.00000000
     0.00000000     0.00000000
 1     0.00000000   0.00
  1.00000      2.00000         0.000000     0.000000     0.000000
  1.83700
 CaO
   4  4    1.0    0.0    1.0
  50.000000     -598237.23     0.11781883         0.00000000     0.00000000
     0.00000000     0.00000000
 2 -.16518417E-05   4.00 -.12686350E-08   5.00
  298.15000     -598107.41     -20.787923      5.2989750     -.36115757E-01
 -.37775083E-03     0.00000000
 2 0.96419167E-06   4.00 -.82880000E-09   5.00
  1392.6000     -923714.81      42917.122     -6289.7291     -1.7893210
 0.59533664E-04  818136.09
 3  382958.01      99.00  309.76100       1.50 -313440.47       0.50
  6000.0000     -641791.85      576.24914     -85.300000         0.00000000
     0.00000000     0.00000000
 1     0.00000000   0.00
  1.00000      1.00000         0.000000     0.000000     0.000000
  1.37700
   2   1
 Si                       Ca
 O
  4.00000      2.00000
   2   1
  2.00000
   2
   1   2
   1   1
   1   1   3   3  2.7548875      2.7548875      1.3774438      1.3774438
   2   2   3   3  1.3774438      1.3774438      1.3774438      1.3774438
   3
 B   1   2   3   3   0   0   0   0
     0.00000000   1.00     0.00000000   1.00     0.00000000   1.00
     0.00000000   0.00     0.00000000   0.00     0.00000000   0.00
   0   0 -61421.266         0.00000000     0.00000000     0.00000000
     0.00000000     0.00000000
   3
 G   1   2   3   3   0   0   0   0
     0.00000000   1.00     0.00000000   1.00     0.00000000   1.00
     0.00000000   0.00     0.00000000   0.00     0.00000000   0.00
   0   0 -123633.26      4.9954244         0.00000000     0.00000000
     0.00000000     0.00000000
   3
 G   1   2   3   3   0   1   0   0
     0.00000000   1.00     0.00000000   1.00     0.00000000   1.00
     0.00000000   0.00     0.00000000   0.00     0.00000000   0.00
   0   0  23835.326     -6.0690227         0.00000000     0.00000000
     0.00000000     0.00000000
   3
 G   1   2   3   3   0   2   0   0
     0.00000000   1.00     0.00000000   1.00     0.00000000   1.00
     0.00000000   0.00     0.00000000   0.00     0.00000000   0.00
   0   0  7288.4858         0.00000000     0.00000000     0.00000000
     0.00000000     0.00000000
   3
 G   1   2   3   3   1   0   0   0
     0.00000000   1.00     0.00000000   1.00     0.00000000   1.00
     0.00000000   0.00     0.00000000   0.00     0.00000000   0.00
   0   0  23944.735     -28.141364         0.00000000     0.00000000
     0.00000000     0.00000000
   3
 G   1   2   3   3   3   0   0   0
     0.00000000   1.00     0.00000000   1.00     0.00000000   1.00
     0.00000000   0.00     0.00000000   0.00     0.00000000   0.00
   0   0  260346.16         0.00000000     0.00000000     0.00000000
     0.00000000     0.00000000
   3
 G   1   2   3   3   4   0   0   0
     0.00000000   1.00     0.00000000   1.00     0.00000000   1.00
     0.00000000   0.00     0.00000000   0.00     0.00000000   0.00
   0   0 -281246.13     -24.408499         0.00000000     0.00000000
     0.00000000     0.00000000
   3
 G   1   2   3   3   5   0   0   0
     0.00000000   1.00     0.00000000   1.00     0.00000000   1.00
     0.00000000   0.00     0.00000000   0.00     0.00000000   0.00
   0   0  245141.60         0.00000000     0.00000000     0.00000000
     0.00000000     0.00000000
   3
 G   1   2   3   3   7   0   0   0
     0.00000000   1.00     0.00000000   1.00     0.00000000   1.00
     0.00000000   0.00     0.00000000   0.00     0.00000000   0.00
   0   0 -191208.80         0.00000000     0.00000000     0.00000000
     0.00000000     0.00000000
   3
 G   1   2   3   3   9   0   0   0
     0.00000000   1.00     0.00000000   1.00     0.00000000   1.00
     0.00000000   0.00     0.00000000   0.00     0.00000000   0.00
   0   0  176146.40      13.388800         0.00000000     0.00000000
     0.00000000     0.00000000
   3
 G   1   2   3   3  11   0   0   0
     0.00000000   1.00     0.00000000   1.00     0.00000000   1.00
     0.00000000   0.00     0.00000000   0.00     0.00000000   0.00
   0   0  10041.600         0.00000000     0.00000000     0.00000000
     0.00000000     0.00000000
   3
 G   1   2   3   3  14   0   0   0
     0.00000000   1.00     0.00000000   1.00     0.00000000   1.00
     0.00000000   0.00     0.00000000   0.00     0.00000000   0.00
   0   0 -383714.64     -30.543200         0.00000000     0.00000000
     0.00000000     0.00000000
   3
 G   1   2   3   3  15   0   0   0
     0.00000000   1.00     0.00000000   1.00     0.00000000   1.00
     0.00000000   0.00     0.00000000   0.00     0.00000000   0.00
   0   0  379781.68         0.00000000     0.00000000     0.00000000
     0.00000000     0.00000000
   0
 Monoxide
 QKTOM
 0.333333     0.280000
 CaO
  16  4    1.0    0.0    1.0
  50.000000     -641827.23     0.11781883         0.00000000     0.00000000
     0.00000000     0.00000000
 2 -.16518417E-05   4.00 -.12686350E-08   5.00
  298.15000     -641697.41     -20.787923      5.2989750     -.36115757E-01
 -.37775083E-03     0.00000000
 2 0.96419167E-06   4.00 -.82880000E-09   5.00
  3500.0000     -495596.99      1534.3097     -261.02815     -.67541945E-01
 0.11541490E-05 -1497657.6
 2 -38450.277      99.00  12.661288       1.50
  3500.0000     -708214.07      525.92012     -76.461591         0.00000000
     0.00000000     0.00000000
 1     0.00000000   0.00
     0.000000     0.000000
  1.00000      2
 Monoxide
 QKTOM
 0.333333     0.280000
 CaO
  16  4    1.0    0.0    1.0
  50.000000     -641827.23     0.11781883         0.00000000     0.00000000
     0.00000000     0.00000000
 2 -.16518417E-05   4.00 -.12686350E-08   5.00
  298.15000     -641697.41     -20.787923      5.2989750     -.36115757E-01
 -.37775083E-03     0.00000000
 2 0.96419167E-06   4.00 -.82880000E-09   5.00
  3500.0000     -495596.99      1534.3097     -261.02815     -.67541945E-01
 0.11541490E-05 -1497657.6
 2 -38450.277      99.00  12.661288       1.50
  3500.0000     -708214.07      525.92012     -76.461591         0.00000000
     0.00000000     0.00000000
 1     0.00000000   0.00
     0.000000     0.000000
  1.00000      2
 a2Ca2SiO4
 QKTO
 (Ca2SiO4):2
   4  5    1.0 .50000    2.0
  50.000000     -1163471.2     0.24586175E-02     0.00000000     0.00000000
     0.00000000     0.00000000
 2 -.87674583E-05   4.00 0.44343250E-07   5.00
  298.15000     -1163188.0     -53.045537      14.855982     -.23402938
 0.47711250E-04     0.00000000
 2 0.26371458E-06   4.00 -.31003250E-09   5.00
  1755.0000     -1218812.6      138.60428     -42.575309     -.11311029E-01
     0.00000000  3423740.7
 2 -.14993007E+09  -2.00  4000.0000       0.50
  3000.0000     -1258419.6      804.84443     -119.50000         0.00000000
     0.00000000  23678048.
 1     0.00000000   0.00
  3500.0000     -1226848.9      754.82394     -114.23821         0.00000000
     0.00000000     0.00000000
 1     0.00000000   0.00
  1.00000      1
 CaO
   4  4    1.0    0.0    1.0
  50.000000     -576975.22     0.11781883         0.00000000     0.00000000
     0.00000000     0.00000000
 2 -.16518417E-05   4.00 -.12686350E-08   5.00
  298.15000     -576845.40     -20.787923      5.2989750     -.36115757E-01
 -.37775083E-03     0.00000000
 2 0.96419167E-06   4.00 -.82880000E-09   5.00
  3500.0000     -430744.98      1534.3097     -261.02815     -.67541945E-01
 0.11541490E-05 -1497657.6
 2 -38450.277      99.00  12.661288       1.50
  3500.0000     -643362.06      525.92012     -76.461591         0.00000000
     0.00000000     0.00000000
 1     0.00000000   0.00
  1.00000      2
   0
 a-Ca2SiO4
 QKTO
 (Ca2SiO4):2
   4  5    1.0 .50000    2.0
  50.000000     -1157195.7     0.24711930E-02     0.00000000     0.00000000
     0.00000000     0.00000000
 2 -.98277500E-05   4.00 0.44343250E-07   5.00
  298.15000     -1156972.2     -45.763589      13.265582     -.23402938
 0.47711250E-04     0.00000000
 2 0.26371458E-06   4.00 -.31003250E-09   5.00
  1755.0000     -1211648.4      134.43917     -42.575309     -.11311029E-01
     0.00000000  3353052.6
 2 -.14993007E+09  -2.00  4000.0000       0.50
  3000.0000     -1251336.0      800.70227     -119.50000         0.00000000
     0.00000000  23678048.
 1     0.00000000   0.00
  3500.0000     -1219765.3      750.68178     -114.23821         0.00000000
     0.00000000     0.00000000
 1     0.00000000   0.00
  1.00000      1
 CaO
   4  4    1.0    0.0    1.0
  50.000000     -579067.22     0.11781883         0.00000000     0.00000000
     0.00000000     0.00000000
 2 -.16518417E-05   4.00 -.12686350E-08   5.00
  298.15000     -578937.40     -20.787923      5.2989750     -.36115757E-01
 -.37775083E-03     0.00000000
 2 0.96419167E-06   4.00 -.82880000E-09   5.00
  3500.0000     -432836.98      1534.3097     -261.02815     -.67541945E-01
 0.11541490E-05 -1497657.6
 2 -38450.277      99.00  12.661288       1.50
  3500.0000     -645454.06      525.92012     -76.461591         0.00000000
     0.00000000     0.00000000
 1     0.00000000   0.00
  1.00000      2
   0
 Wollast
 QKTO
 CaSiO3
   4  4    1.0    1.0    3.0
  50.000000     -1648520.7     0.31162501E-03     0.00000000     0.00000000
     0.00000000     0.00000000
 1 -.63296333E-05   4.00
  298.15000     -1648192.8     -65.686375      18.749735     -.30941707
 0.18604200E-03     0.00000000
 1 -.61731083E-07   4.00
  3000.0000     -1668376.3      986.24268     -146.55800         0.00000000
     0.00000000  2097800.0
 2 -2412.2320       0.50 -96066666.      -2.00
  3000.0000     -1698706.1      860.82719     -135.10289         0.00000000
     0.00000000     0.00000000
 1     0.00000000   0.00
  1.00000      1
 Pseudowollastonite
 QKTO
 CaSiO3
   4  4    1.0    1.0    3.0
  50.000000     -1641856.4     -.19587492E-01     0.00000000     0.00000000
     0.00000000     0.00000000
 1 -.77326333E-05   4.00
  298.15000     -1641568.3     -62.451842      18.319735     -.32954220
 0.20854200E-03     0.00000000
 1 -.61731083E-07   4.00
  3000.0000     -1641063.8      1069.6486     -154.65900         0.00000000
     0.00000000  367700.00
 1 -4035.6000       0.50
  3000.0000     -1695833.2      866.13556     -136.15738         0.00000000
     0.00000000     0.00000000
 1     0.00000000   0.00
  1.00000      1
 Ca3SiO5
 QKTO
 (Ca3SiO5):3
   4  4    1.0 .33333 1.6667
  50.000000     -986506.50     0.17589890         0.00000000     0.00000000
     0.00000000     0.00000000
 2 -.78472500E-05   4.00 0.41971667E-07   5.00
  298.15000     -986336.91     -32.247984      9.1240102     -.14135664
 -.15257439E-03     0.00000000
 2 0.58313889E-06   4.00 -.54636667E-09   5.00
  3000.0000     -1011139.9      546.54337     -86.431684         0.00000000
     0.00000000  2023644.4
 2 -260.91821       0.50 -89805316.      -2.00
  3000.0000     -1012104.3      529.34702     -84.811019         0.00000000
     0.00000000     0.00000000
 1     0.00000000   0.00
  1.00000      1
 Si_solid(s)
   1  3    0.0    1.0    0.0
  1685.0000     -8156.5395      137.08626     -22.809187     -.19353432E-02
     0.00000000  176496.04
  2500.0000     -7247.8181      131.65735     -22.103566     -.21078338E-02
     0.00000000     0.00000000
  2500.0000     -20421.779      214.11629     -32.642735         0.00000000
     0.00000000     0.00000000
 SiO2_Quartz(l)(s)
   4  6    0.0    1.0    2.0
  50.000000     -917613.25     0.80990007E-01     0.00000000     0.00000000
     0.00000000     0.00000000
 2 -.10168083E-04   4.00 0.75628000E-07   5.00
  298.15000     -917568.75     -10.921792      3.5035011     -.84371038E-01
 -.80944167E-04     0.00000000
 2 0.24719500E-06   4.00 -.21039600E-09   5.00
  373.00000     -935388.52      536.02534     -80.011992         0.00000000
     0.00000000  1773342.0
 2 -961.10400       0.50 -81928062.      -2.00
  848.02000     -935486.56      537.07570     -80.011992     -.42200109E-02
 0.75354502E-05  1773342.0
 3 -.50458705E-08   4.00 -961.10400       0.50 -81928062.      -2.00
  3000.0000     -933814.12      533.86671     -80.011992         0.00000000
     0.00000000  1773342.0
 2 -961.10400       0.50 -81928062.      -2.00
  3000.0000     -944692.05      482.00757     -75.249303         0.00000000
     0.00000000     0.00000000
 1     0.00000000   0.00
 SiO2_Quartz(h)(s2)
   4  4    0.0    1.0    2.0
  50.000000     -915540.08     -2.6658093         0.00000000     0.00000000
     0.00000000     0.00000000
 2 -.10168083E-04   4.00 0.75628000E-07   5.00
  298.15000     -915495.58     -13.668592      3.5035011     -.84371038E-01
 -.80944167E-04     0.00000000
 2 0.24719500E-06   4.00 -.21039600E-09   5.00
  3000.0000     -933315.35      533.27854     -80.011992         0.00000000
     0.00000000  1773342.0
 2 -961.10400       0.50 -81928062.      -2.00
  3000.0000     -944193.28      481.41940     -75.249303         0.00000000
     0.00000000     0.00000000
 1     0.00000000   0.00
 SiO2_Tridymite(l)(s3)
   4  5    0.0    1.0    2.0
  50.000000     -914643.58     -.44246527         0.00000000     0.00000000
     0.00000000     0.00000000
 3 -.25000000E-04   4.00 0.40163700E-06   5.00 -.20477600E-08   6.00
  298.15000     -914628.53     -4.6422591      1.5872765     -.65441287E-01
 -.13354133E-03     0.00000000
 2 0.33803750E-06   4.00 -.27740200E-09   5.00
  390.15000     -945992.95      500.41935     -75.372668     -.91038535E-01
 0.20563620E-03  2979047.5
 2 -.17418275E-06   4.00 -.15970769E+09  -2.00
  3000.0000     -944452.31      481.90888     -75.372668         0.00000000
     0.00000000  2979047.5
 1 -.15970769E+09  -2.00
  3000.0000     -940639.95      475.94703     -74.746148         0.00000000
     0.00000000     0.00000000
 1     0.00000000   0.00
 SiO2_Tridymite(h)(s4)
   4  4    0.0    1.0    2.0
  50.000000     -914083.56     -2.1959629         0.00000000     0.00000000
     0.00000000     0.00000000
 3 -.25000000E-04   4.00 0.40163700E-06   5.00 -.20477600E-08   6.00
  298.15000     -914068.50     -6.3957567      1.5872765     -.65441287E-01
 -.13354133E-03     0.00000000
 2 0.33803750E-06   4.00 -.27740200E-09   5.00
  3000.0000     -944111.18      480.75283     -75.372668         0.00000000
     0.00000000  2979047.5
 1 -.15970769E+09  -2.00
  3000.0000     -940298.83      474.79098     -74.746148         0.00000000
     0.00000000     0.00000000
 1     0.00000000   0.00
 SiO2_Cristobalite(l)(s5)
   4  5    0.0    1.0    2.0
  50.000000     -914791.78     -.66566346E-01     0.00000000     0.00000000
     0.00000000     0.00000000
 3 -.25000000E-04   4.00 0.40163700E-06   5.00 -.20477600E-08   6.00
  298.15000     -914776.73     -4.2663602      1.5872765     -.65441287E-01
 -.13354133E-03     0.00000000
 2 0.33803750E-06   4.00 -.27740200E-09   5.00
  535.15000     -926547.68      571.80289     -83.513598     -.10104998E-01
 0.20917698E-04  1227680.0
 3 -.16237635E-07   4.00 -1498.7720       0.50 -46678699.      -2.00
  3000.0000     -926070.14      569.00482     -83.513598         0.00000000
     0.00000000  1227680.0
 2 -1498.7720       0.50 -46678699.      -2.00
  3000.0000     -945002.70      491.21444     -76.410226         0.00000000
     0.00000000     0.00000000
 1     0.00000000   0.00
 SiO2_Cristobalite(h)(s6)
   4  4    0.0    1.0    2.0
  50.000000     -913415.65     -2.7010638         0.00000000     0.00000000
     0.00000000     0.00000000
 3 -.25000000E-04   4.00 0.40163700E-06   5.00 -.20477600E-08   6.00
  298.15000     -913400.60     -6.9008576      1.5872765     -.65441287E-01
 -.13354133E-03     0.00000000
 2 0.33803750E-06   4.00 -.27740200E-09   5.00
  3000.0000     -924997.14      566.99970     -83.513598         0.00000000
     0.00000000  1227680.0
 2 -1498.7720       0.50 -46678699.      -2.00
  3000.0000     -943929.69      489.20931     -76.410226         0.00000000
     0.00000000     0.00000000
 1     0.00000000   0.00
 SiO2_coesite(s7)
   4  4    0.0    1.0    2.0
  50.000000     -913690.78     -.39226121         0.00000000     0.00000000
     0.00000000     0.00000000
 3 -.81098333E-05   4.00 0.57757500E-07   5.00 -.18363567E-10   6.00
  298.15000     -913719.13      2.5810715     -.55747778     -.70000300E-03
 -.38006467E-03     0.00000000
 2 0.84511667E-06   4.00 -.68763500E-09   5.00
  3000.0000     -937124.16      524.99143     -78.900000         0.00000000
     0.00000000  2532500.0
 2 -654.00000       0.50 -.13750000E+09  -2.00
  3000.0000     -942840.26      487.07186     -75.382690         0.00000000
     0.00000000     0.00000000
 1     0.00000000   0.00
 SiO2_stishovite(s8)
   4  4    0.0    1.0    2.0
  50.000000     -869329.39     -1.7626504         0.00000000     0.00000000
     0.00000000     0.00000000
 3 -.43028417E-05   4.00 0.69899000E-07   5.00 -.39600667E-09   6.00
  298.15000     -869366.24      6.4125737     -2.4824364     0.57901807E-01
 -.36291933E-03     0.00000000
 2 0.49669250E-06   4.00 -.24515550E-09   5.00
  3000.0000     -887197.90      599.64197     -85.780000         0.00000000
     0.00000000  1802500.0
 2 -1382.0000       0.50 -75183333.      -2.00
  3000.0000     -903793.57      526.56270     -79.088214         0.00000000
     0.00000000     0.00000000
 1     0.00000000   0.00
 Ca_Solid_Alpha(s)
   4  3    1.0    0.0    0.0
  1100.0000     -20289.826      5.7135695     -7.2407205     -.15879227E-01
 0.53889390E-06  89714.089
 1  3437.1206      99.00
  1500.0000     -90294.540     -138.06623      10.498266     -.18904688E-01
     0.00000000  2230770.0
 1  16851.838      99.00
  1501.0000     -6642.6644      193.69992     -35.000000         0.00000000
     0.00000000     0.00000000
 1     0.00000000   0.00
 Ca_Solid_Beta(s2)
   4  3    1.0    0.0    0.0
  716.00000      39353.166      264.07723     -42.193628         0.00000000
     0.00000000 -737255.98
 1 -9782.9302      99.00
  1500.0000     -89355.294     -139.33270      10.498266     -.18904688E-01
     0.00000000  2230770.0
 1  16851.838      99.00
  1501.0000     -5703.4190      192.43345     -35.000000         0.00000000
     0.00000000     0.00000000
 1     0.00000000   0.00
 CaO_Lime(s)
   4  4    1.0    0.0    1.0
  50.000000     -641827.22     0.11781891         0.00000000     0.00000000
     0.00000000     0.00000000
 2 -.16518417E-05   4.00 -.12686350E-08   5.00
  298.15000     -641697.40     -20.787923      5.2989750     -.36115757E-01
 -.37775083E-03     0.00000000
 2 0.96419167E-06   4.00 -.82880000E-09   5.00
  3500.0000     -495596.98      1534.3097     -261.02815     -.67541945E-01
 0.11541490E-05 -1497657.6
 2 -38450.277      99.00  12.661288       1.50
  3500.0000     -708214.06      525.92012     -76.461591         0.00000000
     0.00000000     0.00000000
 1     0.00000000   0.00
 CaSiO3_Wollastonite(s)
   4  4    1.0    1.0    3.0
  50.000000     -1648520.7     0.31148376E-03     0.00000000     0.00000000
     0.00000000     0.00000000
 1 -.63296333E-05   4.00
  298.15000     -1648192.8     -65.686375      18.749735     -.30941707
 0.18604200E-03     0.00000000
 1 -.61731083E-07   4.00
  3000.0000     -1668376.3      986.24268     -146.55800         0.00000000
     0.00000000  2097800.0
 2 -2412.2320       0.50 -96066667.      -2.00
  3000.0000     -1698706.1      860.82719     -135.10289         0.00000000
     0.00000000     0.00000000
 1     0.00000000   0.00
 CaSiO3_Ps-wollastoni(s2)
   4  4    1.0    1.0    3.0
  50.000000     -1641856.4     -.19588158E-01     0.00000000     0.00000000
     0.00000000     0.00000000
 1 -.77326333E-05   4.00
  298.15000     -1641568.3     -62.451842      18.319735     -.32954219
 0.20854200E-03     0.00000000
 1 -.61731083E-07   4.00
  3000.0000     -1641063.8      1069.6486     -154.65900         0.00000000
     0.00000000  367700.00
 1 -4035.6000       0.50
  3000.0000     -1695833.2      866.13556     -136.15738         0.00000000
     0.00000000     0.00000000
 1     0.00000000   0.00
 Ca2SiO4_Gamma(olivine(s)
   4  5    2.0    1.0    4.0
  50.000000     -2338268.1     0.12592157         0.00000000     0.00000000
     0.00000000     0.00000000
 2 -.14276750E-04   4.00 0.64828000E-07   5.00
  298.15000     -2337882.2     -73.308716      20.560802     -.30970521
 -.29894567E-03     0.00000000
 2 0.11455917E-05   4.00 -.10617000E-08   5.00
  1150.0000     -2246217.6      2295.8599     -298.47644         0.00000000
     0.00000000 -4993489.7
 2 0.25063582E+09  -2.00 -15697.289       0.50
  3000.0000     -2386417.0      1667.4206     -239.00000         0.00000000
     0.00000000  9294502.5
 1 -4826.8542       0.50
  3000.0000     -2440118.8      1405.2992     -214.90308         0.00000000
     0.00000000     0.00000000
 1     0.00000000   0.00
 Ca2SiO4_Alpha-prime(s2)
   4  5    2.0    1.0    4.0
  50.000000     -2326662.3     -1.8186997         0.00000000     0.00000000
     0.00000000     0.00000000
 2 -.17534917E-04   4.00 0.88686500E-07   5.00
  298.15000     -2326134.6     -101.63716      28.072140     -.44891050
 0.77089167E-04     0.00000000
 2 0.52742917E-06   4.00 -.62006500E-09   5.00
  1755.0000     -2437625.3      277.20856     -85.150617     -.22622059E-01
     0.00000000  6847481.3
 2 -.29986013E+09  -2.00  8000.0000       0.50
  3000.0000     -2516839.3      1609.6889     -239.00000         0.00000000
     0.00000000  47356095.
 1     0.00000000   0.00
  3000.0000     -2453697.9      1509.6479     -228.47642         0.00000000
     0.00000000     0.00000000
 1     0.00000000   0.00
 Ca2SiO4_Alpha(s3)
   4  5    2.0    1.0    4.0
  50.000000     -2314111.1     -1.8186776         0.00000000     0.00000000
     0.00000000     0.00000000
 2 -.19655500E-04   4.00 0.88686500E-07   5.00
  298.15000     -2313702.7     -87.073264      24.891340     -.44891050
 0.77089167E-04     0.00000000
 2 0.52742917E-06   4.00 -.62006500E-09   5.00
  1755.0000     -2423296.7      268.87833     -85.150617     -.22622059E-01
     0.00000000  6706105.2
 2 -.29986013E+09  -2.00  8000.0000       0.50
  3000.0000     -2502671.8      1601.4045     -239.00000         0.00000000
     0.00000000  47356095.
 1     0.00000000   0.00
  3000.0000     -2439530.4      1501.3635     -228.47642         0.00000000
     0.00000000     0.00000000
 1     0.00000000   0.00
 Ca3SiO5_Hatrurite(s)
   4  4    3.0    1.0    5.0
  50.000000     -2959519.1     0.52749323         0.00000000     0.00000000
     0.00000000     0.00000000
 2 -.23541750E-04   4.00 0.12591500E-06   5.00
  298.15000     -2959010.4     -96.744155      27.372031     -.42406991
 -.45772317E-03     0.00000000
 2 0.17494167E-05   4.00 -.16391000E-08   5.00
  3000.0000     -3033419.4      1639.6299     -259.29505         0.00000000
     0.00000000  6070933.2
 2 -782.75463       0.50 -.26941595E+09  -2.00
  3000.0000     -3036312.5      1588.0408     -254.43306         0.00000000
     0.00000000     0.00000000
 1     0.00000000   0.00
 Ca3Si2O7_Rankinite(s)
   4  4    3.0    2.0    7.0
  50.000000     -3988155.9     0.16116311E-02     0.00000000     0.00000000
     0.00000000     0.00000000
 2 -.31233000E-04   4.00 0.16925850E-06   5.00
  298.15000     -3987455.4     -136.78272      38.949657     -.64676916
 -.97909833E-04     0.00000000
 2 0.11675000E-05   4.00 -.11829600E-08   5.00
  3000.0000     -3969814.4      2829.0176     -399.30000         0.00000000
     0.00000000  1224224.9
 2 -12397.594       0.50 -98605761.      -2.00
  3000.0000     -4138041.8      2203.8185     -342.46285         0.00000000
     0.00000000     0.00000000
 1     0.00000000   0.00
 O2(g)                   #
   4  4    0.0    0.0    2.0
  1000.0000     -5219.3324     -12.179856     -26.924057     -.84893408E-02
 0.11276942E-05 -114664.63
 1 -316.64663       0.50
  4000.0000     -389938.78      638.67678     -89.681327     0.72372244E-03
     0.00000000  9341343.0
 2 -16506.149       0.50  95803.960      99.00
  6000.0000     -8951197.1      2742.7612     -249.17312         0.00000000
     0.00000000 0.59248921E+09
 2 -139742.68       0.50  1674792.2      99.00
  6000.0000     -42014.302      116.92408     -44.371534         0.00000000
     0.00000000     0.00000000
 1     0.00000000   0.00
 Si_solid(s)             #
   1  3    0.0    1.0    0.0
  1685.0000     -8156.5395      137.08626     -22.809187     -.19353432E-02
     0.00000000  176496.04
  2500.0000     -7247.8181      131.65735     -22.103566     -.21078338E-02
     0.00000000     0.00000000
  2500.0000     -20421.779      214.11629     -32.642735         0.00000000
     0.00000000     0.00000000
 Ca_Solid_Alpha(s)       #
   4  3    1.0    0.0    0.0
  1100.0000     -20289.826      5.7135695     -7.2407205     -.15879227E-01
 0.53889390E-06  89714.089
 1  3437.1206      99.00
  1500.0000     -90294.540     -138.06623      10.498266     -.18904688E-01
     0.00000000  2230770.0
 1  16851.838      99.00
  1501.0000     -6642.6644      193.69992     -35.000000         0.00000000
     0.00000000     0.00000000
 1     0.00000000   0.00
 CaO(s)                  #
   1  1    1.0    0.0    1.0
  6001.0000         0.00000000     0.00000000     0.00000000     0.00000000
     0.00000000     0.00000000
 SiO2(s)                 #
   1  1    0.0    1.0    2.0
  6001.0000         0.00000000     0.00000000     0.00000000     0.00000000
     0.00000000     0.00000000
