 System Ca-Al-O-e(Spinel)                                                     
    4   18    0    3    3    3    2    2    3    3    1    1    1    1    1
    1    1    1    1    1   20
 Ca                       Al                       O                       
 e(Spinel)               
    40.07800000              26.98153860              15.99940000
     0.00054858
   6   1   2   3   4   5   6
   6   1   2   3   4   5   6
 Slag-liq
 SUBQ 
   2   3
 Al2O3                    
   4  5    0.0    2.0    3.0    0.0
  298.15000     -1604036.5     0.58962549      0.0000000      0.0000000    
 0.14758777E-04  0.0000000    
 3 -.19955267E-05   4.00 0.58987350E-08   5.00 -.54380533E-11   6.00
  350.15000     -1561223.7     -1673.6971      298.66000     -.63300000    
  0.0000000      0.0000000    
 1  0.0000000       0.00
  593.15000     -1638833.4      923.27053     -144.63210      0.0000000    
  0.0000000      0.0000000    
 1  0.0000000       0.00
  2327.0000     -1615242.6      1240.3272     -179.36549     0.45961240E-02
  0.0000000     -487670.49    
 2 -3313.5479       0.50 -68180608.      -2.00
  10000.000     -1750988.6      1342.1159     -192.46400      0.0000000    
  0.0000000      0.0000000    
 1  0.0000000       0.00
  2.00000      3.00000      0.00000      0.00000      0.00000    
  1.65300    
 CaO                      
   4  2    1.0    0.0    1.0    0.0
  2845.1599     -571766.66      348.73580     -58.791171      0.0000000    
  0.0000000      573573.05    
 2 -535.61610       0.50 -17163136.      -2.00
  10000.000     -596946.67      379.18008     -62.760000      0.0000000    
  0.0000000      0.0000000    
 1  0.0000000       0.00
  1.00000      1.00000      0.00000      0.00000      0.00000    
  1.37700    
   2   1
 Al                       Ca                      
 O                       
  3.00000      2.00000    
   1   1
 -2.00000    
   2
   1   2
   1   1
   1   1   3   3  2.0661656      2.0661656      1.3774438      1.3774438    
   2   2   3   3  1.3774438      1.3774438      1.3774438      1.3774438    
   1   2   3   3  2.0661656      1.3774438      1.3774438      1.3774438    
   3
 G   1   2   3   3   0   0   0   0
  0.0000000       1.00  0.0000000       1.00  0.0000000       1.00
  0.0000000       0.00  0.0000000       0.00  0.0000000       0.00
   0   0 -119160.32      21.673120      0.0000000      0.0000000    
  0.0000000      0.0000000    
   3
 G   1   2   3   3   4   0   0   0
  0.0000000       1.00  0.0000000       1.00  0.0000000       1.00
  0.0000000       0.00  0.0000000       0.00  0.0000000       0.00
   0   0  0.0000000      0.0000000      0.0000000      0.0000000    
  0.0000000      0.0000000    
   3
 G   1   2   3   3   1   0   0   0
  0.0000000       1.00  0.0000000       1.00  0.0000000       1.00
  0.0000000       0.00  0.0000000       0.00  0.0000000       0.00
   0   0 -131210.24      43.429920      0.0000000      0.0000000    
  0.0000000      0.0000000    
   3
 G   1   2   3   3   0   1   0   0
  0.0000000       1.00  0.0000000       1.00  0.0000000       1.00
  0.0000000       0.00  0.0000000       0.00  0.0000000       0.00
   0   0  0.0000000      0.0000000      0.0000000      0.0000000    
  0.0000000      0.0000000    
   3
 G   1   2   3   3   2   0   0   0
  0.0000000       1.00  0.0000000       1.00  0.0000000       1.00
  0.0000000       0.00  0.0000000       0.00  0.0000000       0.00
   0   0 -44392.240      0.0000000      0.0000000      0.0000000    
  0.0000000      0.0000000    
   0
 Slag-liq
 SUBQ 
   2   3
 Al2O3                    
   4  5    0.0    2.0    3.0    0.0
  298.15000     -1604036.5     0.58962549      0.0000000      0.0000000    
 0.14758777E-04  0.0000000    
 3 -.19955267E-05   4.00 0.58987350E-08   5.00 -.54380533E-11   6.00
  350.15000     -1561223.7     -1673.6971      298.66000     -.63300000    
  0.0000000      0.0000000    
 1  0.0000000       0.00
  593.15000     -1638833.4      923.27053     -144.63210      0.0000000    
  0.0000000      0.0000000    
 1  0.0000000       0.00
  2327.0000     -1615242.6      1240.3272     -179.36549     0.45961240E-02
  0.0000000     -487670.49    
 2 -3313.5479       0.50 -68180608.      -2.00
  10000.000     -1750988.6      1342.1159     -192.46400      0.0000000    
  0.0000000      0.0000000    
 1  0.0000000       0.00
  2.00000      3.00000      0.00000      0.00000      0.00000    
  1.65300    
 CaO                      
   4  2    1.0    0.0    1.0    0.0
  2845.1599     -571766.66      348.73580     -58.791171      0.0000000    
  0.0000000      573573.05    
 2 -535.61610       0.50 -17163136.      -2.00
  10000.000     -596946.67      379.18008     -62.760000      0.0000000    
  0.0000000      0.0000000    
 1  0.0000000       0.00
  1.00000      1.00000      0.00000      0.00000      0.00000    
  1.37700    
   2   1
 Al                       Ca                      
 O                       
  3.00000      2.00000    
   1   1
 -2.00000    
   2
   1   2
   1   1
   1   1   3   3  2.0661656      2.0661656      1.3774438      1.3774438    
   2   2   3   3  1.3774438      1.3774438      1.3774438      1.3774438    
   1   2   3   3  2.0661656      1.3774438      1.3774438      1.3774438    
   3
 G   1   2   3   3   0   0   0   0
  0.0000000       1.00  0.0000000       1.00  0.0000000       1.00
  0.0000000       0.00  0.0000000       0.00  0.0000000       0.00
   0   0 -119160.32      21.673120      0.0000000      0.0000000    
  0.0000000      0.0000000    
   3
 G   1   2   3   3   4   0   0   0
  0.0000000       1.00  0.0000000       1.00  0.0000000       1.00
  0.0000000       0.00  0.0000000       0.00  0.0000000       0.00
   0   0  0.0000000      0.0000000      0.0000000      0.0000000    
  0.0000000      0.0000000    
   3
 G   1   2   3   3   1   0   0   0
  0.0000000       1.00  0.0000000       1.00  0.0000000       1.00
  0.0000000       0.00  0.0000000       0.00  0.0000000       0.00
   0   0 -131210.24      43.429920      0.0000000      0.0000000    
  0.0000000      0.0000000    
   3
 G   1   2   3   3   0   1   0   0
  0.0000000       1.00  0.0000000       1.00  0.0000000       1.00
  0.0000000       0.00  0.0000000       0.00  0.0000000       0.00
   0   0  0.0000000      0.0000000      0.0000000      0.0000000    
  0.0000000      0.0000000    
   3
 G   1   2   3   3   2   0   0   0
  0.0000000       1.00  0.0000000       1.00  0.0000000       1.00
  0.0000000       0.00  0.0000000       0.00  0.0000000       0.00
   0   0 -44392.240      0.0000000      0.0000000      0.0000000    
  0.0000000      0.0000000    
   0
 Spinel                  
 SUBLM
 0.333333     0.280000    
 Al3O4[1+]                
  16  4    0.0    3.0    4.0   -1.0
  360.00000     -2400458.8     -895.24594      171.37331     -.66138277    
 0.25374856E-03 -722638.05    
 1  1626.4218      99.00
  2500.0000     -2460685.0      911.42852     -139.46543     -.26428652E-01
 0.18254500E-05  1987036.9    
 1  0.0000000       0.00
  2503.0000     -2436375.0      754.18541     -119.32368     -.30503250E-01
 0.18254500E-05  2709675.0    
 1  0.0000000       0.00
  6000.0000     -2508646.0      1369.7601     -202.53917      0.0000000    
  0.0000000      0.0000000    
 1  0.0000000       0.00
  0.00000      0.00000    
 Al1O4[5-]                
  16  4    0.0    1.0    4.0    5.0
  360.00000     -1461831.5      13309.815     -2097.0175      3.2834834    
 -.12687428E-02  19058642.    
 3 -8132.1090      99.00 -26508.385       0.50 -.54544482E+09  -2.00
  2500.0000     -1160701.4      4276.4457     -542.82384     0.10871286    
 -.91272500E-05  5510267.2    
 2 -26508.385       0.50 -.54544482E+09  -2.00
  2503.0000     -1282251.5      5062.6612     -643.53257     0.12908585    
 -.91272500E-05  1897076.9    
 2 -26508.385       0.50 -.54544482E+09  -2.00
  6000.0000     -1375342.1      1424.6236     -207.56324      0.0000000    
  0.0000000      0.0000000    
 1  0.0000000       0.00
  0.00000      0.00000    
 Al1Ca2O4[1-]             
  16  5    2.0    1.0    4.0    1.0
  360.00000     -2096955.4      4124.5384     -625.45331     0.66138277    
 -.25374856E-03  1283438.1    
 3 -1626.4218      99.00 -13352.800       0.50  28513334.      -2.00
  1877.0000     -2036730.2      2317.8668     -314.61457     0.26428652E-01
 -.18254500E-05 -1426236.9    
 2 -13352.800       0.50  28513334.      -2.00
  2500.0000     -2180087.6      1502.8370     -237.21900     0.26428652E-01
 -.18254500E-05 -1987036.9    
 1  0.0000000       0.00
  2503.0000     -2204397.7      1660.0801     -257.36075     0.30503250E-01
 -.18254500E-05 -2709675.0    
 1  0.0000000       0.00
  6000.0000     -2132126.6      1044.5054     -174.14526      0.0000000    
  0.0000000      0.0000000    
 1  0.0000000       0.00
  0.00000      0.00000    
   2
  1.00000      2.00000    
   1   3
 Al[3+]T                 
 Va[0]O                   Al[3+]O                  Ca[2+]O                 
   1   1   1
   2   1   3
   0
   0
 Monoxide
 QKTOM
 0.333333     0.280000    
 CaO                      
  16  2    1.0    0.0    1.0    0.0
  2845.1600     -651262.65      376.67656     -58.791171      0.0000000    
  0.0000000      573572.99    
 2 -535.61600       0.50 -17163131.      -2.00
  3500.0000     -676442.66      407.12084     -62.760000      0.0000000    
  0.0000000      0.0000000    
 1  0.0000000       0.00
  0.00000      0.00000    
  1.00000      2
 (Al2O3):2                
  16  3    0.0    1.0 1.5000    0.0
  298.15000     -805213.93      5.5452411      0.0000000      0.0000000    
 0.73793883E-05  0.0000000    
 3 -.99776333E-06   4.00 0.29493675E-08   5.00 -.27190267E-11   6.00
  2327.0000     -814324.71      555.20910     -77.509441      0.0000000    
  0.0000000      965340.75    
 2 -1656.7740       0.50 -34090304.      -2.00
  3500.0000     -897041.86      701.72979     -96.232000      0.0000000    
  0.0000000      0.0000000    
 1  0.0000000       0.00
  0.00000      0.00000    
  1.00000      2
   0
   2
   1   2   1   1  16736.000      0.0000000      0.0000000      0.0000000    
  0.0000000      0.0000000    
   0
 Monoxide
 QKTOM
 0.333333     0.280000    
 CaO                      
  16  2    1.0    0.0    1.0    0.0
  2845.1600     -651262.65      376.67656     -58.791171      0.0000000    
  0.0000000      573572.99    
 2 -535.61600       0.50 -17163131.      -2.00
  3500.0000     -676442.66      407.12084     -62.760000      0.0000000    
  0.0000000      0.0000000    
 1  0.0000000       0.00
  0.00000      0.00000    
  1.00000      2
 (Al2O3):2                
  16  3    0.0    1.0 1.5000    0.0
  298.15000     -805213.93      5.5452411      0.0000000      0.0000000    
 0.73793883E-05  0.0000000    
 3 -.99776333E-06   4.00 0.29493675E-08   5.00 -.27190267E-11   6.00
  2327.0000     -814324.71      555.20910     -77.509441      0.0000000    
  0.0000000      965340.75    
 2 -1656.7740       0.50 -34090304.      -2.00
  3500.0000     -897041.86      701.72979     -96.232000      0.0000000    
  0.0000000      0.0000000    
 1  0.0000000       0.00
  0.00000      0.00000    
  1.00000      2
   0
   2
   1   2   1   1  16736.000      0.0000000      0.0000000      0.0000000    
  0.0000000      0.0000000    
   0
 Liq(Matte_Metal)
 SUBG 
  2.40000    
   2   2
 O                        
   1  2    0.0    0.0    1.0    0.0
  2990.0000      121184.75      136.04063     -24.500000     -.98420000E-03
 -.12938117E-06  322517.20    
  3000.0000      102133.28      231.98443     -36.200000      0.0000000    
  0.0000000      0.0000000    
  1.00000      1.00000      0.00000      0.00000      0.00000    
 Ca                       
   1  1    1.0    0.0    0.0    0.0
  3000.0000     -2650.7678      188.91191     -35.000000      0.0000000    
  0.0000000      0.0000000    
  1.00000      1.00000      0.00000      0.00000      0.00000    
   2   1
 O                        Ca                      
 Va                      
  1.00000      1.00000    
   2   1
 -1.00000    
   1
   1   2
   1   1
   1   1   3   3  6.0000000      6.0000000      6.0000000      6.0000000    
   2   2   3   3  6.0000000      6.0000000      6.0000000      6.0000000    
   3
 G   1   2   3   3   0   0   0   0
  0.0000000       1.00  0.0000000       1.00  0.0000000       1.00
  0.0000000       0.00  0.0000000       0.00  0.0000000       0.00
   0   0 -209200.00     0.83680000      0.0000000      0.0000000    
  0.0000000      0.0000000    
   3
 G   1   2   3   3   0   1   0   0
  0.0000000       1.00  0.0000000       1.00  0.0000000       1.00
  0.0000000       0.00  0.0000000       0.00  0.0000000       0.00
   0   0  8368.0000      0.0000000      0.0000000      0.0000000    
  0.0000000      0.0000000    
   3
 G   1   2   3   3   1   0   0   0
  0.0000000       1.00  0.0000000       1.00  0.0000000       1.00
  0.0000000       0.00  0.0000000       0.00  0.0000000       0.00
   0   0  8368.0000      0.0000000      0.0000000      0.0000000    
  0.0000000      0.0000000    
   0
 Liq(Matte_Metal)
 SUBG 
  2.40000    
   2   2
 O                        
   1  2    0.0    0.0    1.0    0.0
  2990.0000      121184.75      136.04063     -24.500000     -.98420000E-03
 -.12938117E-06  322517.20    
  3000.0000      102133.28      231.98443     -36.200000      0.0000000    
  0.0000000      0.0000000    
  1.00000      1.00000      0.00000      0.00000      0.00000    
 Ca                       
   1  1    1.0    0.0    0.0    0.0
  3000.0000     -2650.7678      188.91191     -35.000000      0.0000000    
  0.0000000      0.0000000    
  1.00000      1.00000      0.00000      0.00000      0.00000    
   2   1
 O                        Ca                      
 Va                      
  1.00000      1.00000    
   2   1
 -1.00000    
   1
   1   2
   1   1
   1   1   3   3  6.0000000      6.0000000      6.0000000      6.0000000    
   2   2   3   3  6.0000000      6.0000000      6.0000000      6.0000000    
   3
 G   1   2   3   3   0   0   0   0
  0.0000000       1.00  0.0000000       1.00  0.0000000       1.00
  0.0000000       0.00  0.0000000       0.00  0.0000000       0.00
   0   0 -209200.00     0.83680000      0.0000000      0.0000000    
  0.0000000      0.0000000    
   3
 G   1   2   3   3   0   1   0   0
  0.0000000       1.00  0.0000000       1.00  0.0000000       1.00
  0.0000000       0.00  0.0000000       0.00  0.0000000       0.00
   0   0  8368.0000      0.0000000      0.0000000      0.0000000    
  0.0000000      0.0000000    
   3
 G   1   2   3   3   1   0   0   0
  0.0000000       1.00  0.0000000       1.00  0.0000000       1.00
  0.0000000       0.00  0.0000000       0.00  0.0000000       0.00
   0   0  8368.0000      0.0000000      0.0000000      0.0000000    
  0.0000000      0.0000000    
   0
 Ca(Al,Fe)12O19          
 QKTO 
 (Ca1Al12O19):12          
   4  3 .08333    1.0 1.5833    0.0
  298.15000     -897891.64     -.34013821      0.0000000      0.0000000    
 -.15857082E-03  0.0000000    
 3 -.20476597E-06   4.00 0.13127250E-08   5.00 -.14243611E-11   6.00
  2106.0000     -907377.34      582.37014     -82.727917      0.0000000    
  0.0000000      1172825.0    
 2 -1783.3434       0.50 -52041819.      -2.00
  2106.0000     -925715.29      474.33985     -72.517412      0.0000000    
  0.0000000      0.0000000    
 1  0.0000000       0.00
  1.00000      2
 Ca(Al,Fe)4O7            
 QKTO 
 (Ca1Al4O7):4             
   4  3 .25000    1.0 1.7500    0.0
  298.15000     -1006442.6     0.94822993      0.0000000      0.0000000    
 -.49047125E-03  0.0000000    
 3 0.13812285E-05   4.00 -.19605575E-08   5.00 0.11649742E-11   6.00
  2038.0000     -1021331.7      584.73093     -86.808670      0.0000000    
  0.0000000      1392472.7    
 2 -1252.7434       0.50 -55573493.      -2.00
  2038.0000     -1032857.6      505.29487     -79.240095      0.0000000    
  0.0000000      0.0000000    
 1  0.0000000       0.00
  1.00000      2
 CA2                     
 SUBLM
 0.333333     0.280000    
 CaAl4O7                  
  16  3    1.0    4.0    7.0    0.0
  298.15000     -4025761.1      3.7620436      0.0000000      0.0000000    
 -.19618850E-02  0.0000000    
 3 0.55249142E-05   4.00 -.78422300E-08   5.00 0.46598967E-11   6.00
  2038.0000     -4085326.7      2338.9237     -347.23468      0.0000000    
  0.0000000      5569890.8    
 2 -5010.9735       0.50 -.22229397E+09  -2.00
  2038.0000     -4131430.4      2021.1795     -316.96038      0.0000000    
  0.0000000      0.0000000    
 1  0.0000000       0.00
  0.00000      0.00000    
   2
  1.00000      4.00000    
   1   1
 Ca                      
 Al                      
   1
   1
 Ca(Al,Fe)2O4            
 QKTO 
 (Ca1Al2O4):2             
   4  3 .50000    1.0    2.0    0.0
  298.15000     -1168901.3      1.1914717      0.0000000      0.0000000    
 -.74322467E-03  0.0000000    
 3 0.25146062E-05   4.00 -.43078475E-08   5.00 0.30731417E-11   6.00
  1877.0000     -1181447.1      723.60565     -106.63676      0.0000000    
  0.0000000      1252127.2    
 2 -1924.5820       0.50 -42671870.      -2.00
  1877.0000     -1199733.1      600.50017     -94.859016      0.0000000    
  0.0000000      0.0000000    
 1  0.0000000       0.00
  1.00000      2
 (Ca,Pb)(Al,Fe)2O4       
 SUBLM
 0.333333     0.280000    
 CaAl2O4                  
  16  3    1.0    2.0    4.0    0.0
  298.15000     -2337799.4      2.3725468      0.0000000      0.0000000    
 -.14864493E-02  0.0000000    
 3 0.50292125E-05   4.00 -.86156950E-08   5.00 0.61462833E-11   6.00
  1877.0000     -2362894.1      1447.2113     -213.27352      0.0000000    
  0.0000000      2504254.5    
 2 -3849.1639       0.50 -85343739.      -2.00
  1877.0000     -2399466.0      1201.0003     -189.71803      0.0000000    
  0.0000000      0.0000000    
 1  0.0000000       0.00
  0.00000      0.00000    
   2
  1.00000      2.00000    
   1   1
 Ca                      
 Al                      
   1
   1
 Brownmillerite          
 QKTO 
 (Ca2Al2O5):2             
   4  2    1.0    1.0 2.5000    0.0
  2500.0000     -1494452.2      930.59169     -137.15500      0.0000000    
  0.0000000      792762.56    
 2 -23986666.      -2.00 -2924.5000       0.50
  2500.0000     -1529774.6      770.03609     -122.28803      0.0000000    
  0.0000000      0.0000000    
 1  0.0000000       0.00
  1.00000      2
 Ca3(Al,Fe)2O6           
 QKTO 
 (Ca3Al2O6):2             
   4  3 1.5000    1.0    3.0    0.0
  298.15000     -1810212.5      2.3603670      0.0000000      0.0000000    
 -.12626300E-02  0.0000000    
 3 0.38240150E-05   4.00 -.55878300E-08   5.00 0.33315250E-11   6.00
  1814.0000     -1827215.3      1062.2534     -161.26640      0.0000000    
  0.0000000      1445325.0    
 2 -2510.8000       0.50 -55101666.      -2.00
  1814.0000     -1850913.4      900.03814     -145.70550      0.0000000    
  0.0000000      0.0000000    
 1  0.0000000       0.00
  1.00000      2
 Mayenite                
 QKTO 
 (Ca12Al14O33):14         
   4  3 .85714    1.0 2.3571    0.0
  298.15000     -1402567.2      892.79829     -130.40214      0.0000000    
  0.0000000      606316.09    
 2 -3042.7000       0.50 -15096666.      -2.00
  1814.0000     -1402567.2      892.79829     -130.40214      0.0000000    
  0.0000000      606316.09    
 2 -3042.7000       0.50 -15096666.      -2.00
  1814.0000     -1433669.5      702.02620     -112.18884      0.0000000    
  0.0000000      0.0000000    
 1  0.0000000       0.00
  1.00000      2
 M2O3(Corundum)          
 QKTOM
 0.333333     0.280000    
 (Al2O3):2                
  16  3    0.0    1.0 1.5000    0.0
  298.15000     -842869.93     0.31524113      0.0000000      0.0000000    
 0.73793883E-05  0.0000000    
 3 -.99776333E-06   4.00 0.29493675E-08   5.00 -.27190267E-11   6.00
  2327.0000     -851980.71      549.97910     -77.509441      0.0000000    
  0.0000000      965340.75    
 2 -1656.7740       0.50 -34090304.      -2.00
  3000.0000     -934697.86      696.49979     -96.232000      0.0000000    
  0.0000000      0.0000000    
 1  0.0000000       0.00
  0.00000      0.00000    
  1.00000      2
 Magnetoplumbite         
 SUBL 
 CaAl12O19                
   4  2    1.0   12.0   19.0    0.0
  2106.0000     -10899782.      6994.8900     -992.73500      0.0000000    
  0.0000000      14073900.    
 2 -21400.121       0.50 -.62450183E+09  -2.00
  2106.0000     -11119837.      5698.5267     -870.20895      0.0000000    
  0.0000000      0.0000000    
 1  0.0000000       0.00
   3
  1.00000      1.00000      10.0000    
   1   1   1
 CaO                     
 Al2O3                   
 Al2O3                   
   1
   1
   1
 Al2O3_liquid(liq)        
   4  5    0.0    2.0    3.0    0.0
  298.15000     -.21799185E+16 0.91106147E+13  117.83044     -.24491992E-01
  0.0000000     -952816.79    
 3  4337.2855       4.00 -242.22676       5.00  0.0000000       6.00
  350.15000     -1603465.6      212.64953     -31.751000      0.0000000    
  0.0000000     0.43920384E-11
 1  0.0000000       0.00
  593.15000     -1603465.6      212.64953     -31.751000      0.0000000    
  0.0000000      0.0000000    
 1  0.0000000       0.00
  2327.0000     -1646830.2      1363.3836     -179.36549     0.45961240E-02
  0.0000000     -487670.49    
 2 -3313.5479       0.50 -68180608.      -2.00
  10000.000     -1782576.1      1465.1723     -192.46400      0.0000000    
  0.0000000      0.0000000    
 1  0.0000000       0.00
 Ca_liquid(liq)           
   1  1    1.0    0.0    0.0    0.0
  2500.0000     -2648.0339      188.89775     -35.000000      0.0000000    
  0.0000000      0.0000000    
 CaO_liquid(liq)          
   4  2    1.0    0.0    1.0    0.0
  2845.1600     -571763.88      348.72201     -58.791171      0.0000000    
  0.0000000      573572.99    
 2 -535.61600       0.50 -17163131.      -2.00
  3500.0000     -596943.89      379.16629     -62.760000      0.0000000    
  0.0000000      0.0000000    
 1  0.0000000       0.00
 Al2O3_gamma(s)           
   4  3    0.0    2.0    3.0    0.0
  1200.0000     -1572255.4      586.12969     -45.924818      0.0000000    
 -.26162145E-05  0.0000000    
 2 -11401.676       0.50 -.77191755      99.00
  2327.0000     -7689163.0      5250.1493     -31.751000      0.0000000    
  0.0000000      0.0000000    
 2  0.0000000       0.50  0.0000000      99.00
  3000.0000     -7698264.5      4900.7424      15.733273     -.14974255E-01
  0.0000000     -2497634.5    
 1  0.0000000       0.00
 Al2O3_delta(s2)          
   4  3    0.0    2.0    3.0    0.0
  1200.0000      4306705.9     -9419.9294      787.51538     -.32938713E-01
  0.0000000     -.13190819E+09
 2  267542.91       0.50 -1525527.4      99.00
  2327.0000     -1698284.5      1111.1055     -192.46400      0.0000000    
  0.0000000      0.0000000    
 2  0.0000000       0.50  0.0000000      99.00
  3000.0000     -1331979.2     -644.17668      15.528478     -.14735880E-01
  0.0000000     -2458065.1    
 1  0.0000000       0.00
 Al2O3_kappa(s3)          
   4  3    0.0    2.0    3.0    0.0
  1100.0000     -2249728.5     -7403.8408      288.35088      0.0000000    
 -.95877182E-06 -93660576.    
 2  150763.69       0.50  161189.06      -2.00
  2327.0000     -446231.22     -1209.0748     -192.46400      0.0000000    
  0.0000000      0.0000000    
 2  0.0000000       0.50  0.0000000      99.00
  3000.0000     -284962.56     -1950.9662     -103.93990     -.69397450E-02
  0.0000000      4571227.1    
 1  0.0000000       0.00
 Al2O3_corundum(alpha(s4) 
   4  3    0.0    2.0    3.0    0.0
  298.15000     0.45116328E+18 -.18914880E+16  452.67670     -.21877016E-01
  0.0000000     -79903214.    
 3 -3516.8935       4.00  47882.843       5.00  0.0000000       6.00
  2327.0000     -1733095.1      1238.2963     -192.46400      0.0000000    
  0.0000000      0.0000000    
 2  0.0000000       0.50  0.0000000      -2.00
  3000.0000     -1642854.6      911.27655     -155.01888      0.0000000    
  0.0000000      1930681.5    
 1  0.0000000       0.00
 Ca_Solid_Alpha(s)        
   4  3    1.0    0.0    0.0    0.0
  1100.0000     -10432.429      192.81382     -35.000000      0.0000000    
  0.0000000      0.0000000    
 1  0.0000000      99.00
  1500.0000      28067.571     -87.293471      0.0000000      0.0000000    
  0.0000000      0.0000000    
 1  0.0000000      99.00
  1501.0000      28067.571     -87.293471      0.0000000      0.0000000    
  0.0000000      0.0000000    
 1  0.0000000       0.00
 Ca_Solid_Beta(s2)        
   4  3    1.0    0.0    0.0    0.0
  716.00000     -9401.0291      191.36482     -35.000000      0.0000000    
  0.0000000      0.0000000    
 1  0.0000000      99.00
  1500.0000      42034.632      258.07226     -42.193628      0.0000000    
  0.0000000     -737255.98    
 1 -9782.9302      99.00
  1501.0000     -76719.767     -139.69040      10.498266     -.18904688E-01
  0.0000000      2230770.0    
 1  0.0000000       0.00
 CaO_Lime(s)              
   4  2    1.0    0.0    1.0    0.0
  2845.1600     -645522.46      196.65133     -35.000000      0.0000000    
  0.0000000      0.0000000    
 2  0.0000000       0.50  0.0000000      -2.00
  3500.0000     -712818.16      409.78052     -58.791171      0.0000000    
  0.0000000      573572.99    
 1  0.0000000       0.00
 CaAl2O4_solid(s)         
   4  3    1.0    2.0    4.0    0.0
  298.15000     -2222758.8     -78.354631     -62.760000      0.0000000    
  0.0000000      0.0000000    
 3  0.0000000       4.00  0.0000000       5.00  0.0000000       6.00
  1877.0000     -2343320.0      440.43445     -82.843000      0.0000000    
  0.0000000      0.0000000    
 2  0.0000000       0.50  0.0000000      -2.00
  1877.0000     -2303412.2      255.64987     -61.000000     -.50000000E-03
  0.0000000     -628864.00    
 1  0.0000000       0.00
 CaAl4O7_solid(s)         
   4  3    1.0    4.0    7.0    0.0
  298.15000     -4222842.2      944.97613     -63.040000      0.0000000    
  0.0000000      0.0000000    
 3  0.0000000       4.00  0.0000000       5.00  0.0000000       6.00
  2038.0000     -4032469.2      659.48505     -125.00000      0.0000000    
  0.0000000      0.0000000    
 2  0.0000000       0.50  0.0000000      -2.00
  2038.0000     -4231322.0      1539.9282     -227.04000      0.0000000    
  0.0000000      280400.01    
 1  0.0000000       0.00
 CaAl12O19_solid(s)       
   4  3    1.0   12.0   19.0    0.0
  298.15000     -11260201.      2547.3161     -188.34222      0.0000000    
  0.0000000      0.0000000    
 3  0.0000000       4.00  0.0000000       5.00  0.0000000       6.00
  2106.0000     -10801567.      2039.7935     -337.98000      0.0000000    
  0.0000000      6056300.0    
 2 -4088.7999       0.50 -.25176667E+09  -2.00
  2106.0000     -10836354.      1774.3244     -312.59919      0.0000000    
  0.0000000      0.0000000    
 1  0.0000000       0.00
 Ca3Al2O6_solid(s)        
   4  3    3.0    2.0    6.0    0.0
  298.15000     -.17655866E+22 0.74022581E+19 -992.73500      0.0000000    
  0.0000000      14073900.    
 3  445.83585       4.00 -.18735055E+09   5.00  0.0000000       6.00
  1814.0000     -3929468.8      5828.3086     -870.20895      0.0000000    
  0.0000000      0.0000000    
 2  0.0000000       0.50  0.0000000      -2.00
  1814.0000     -2930534.1      1164.7283     -321.58000      0.0000000    
  0.0000000      2890650.1    
 1  0.0000000       0.00
 Ca12Al14O33_S1(s)        
   4  3   12.0   14.0   33.0    0.0
  298.15000     -19496191.      904.15733     -290.45820      0.0000000    
  0.0000000      0.0000000    
 2  0.0000000       0.50  0.0000000      -2.00
  1814.0000     -19414810.     -848.24742     -26.924057     -.84893408E-02
 0.11276942E-05 -114664.63    
 2 -316.64663       0.50  0.0000000      -2.00
  1814.0000     -19506258.     -335.46563     -89.681327     0.72372244E-03
  0.0000000      9341343.0    
 1  0.0000000       0.00
 O2(g)                   #
   4  4    0.0    0.0    2.0    0.0
  1000.0000     -2842255.6      12175.384     -249.17312      0.0000000    
  0.0000000     0.59248921E+09
 1 -139742.68       0.50
  4000.0000     -1987209.2      6079.0560     -44.371534      0.0000000    
  0.0000000      0.0000000    
 2  0.0000000       0.50  0.0000000      99.00
  6000.0000     -1967739.5      6309.2089     -45.924818      0.0000000    
 -.26162145E-05  0.0000000    
 2 -11401.676       0.50 -.77191755      99.00
  6000.0000     -7139553.2      6806.4927     -31.751000      0.0000000    
  0.0000000      0.0000000    
 1  0.0000000       0.00
 Al_solid(s)             #
   4  2    0.0    1.0    0.0    0.0
  1200.0000     -20287.149      19.012391     -7.2407205     -.15879227E-01
 0.53889390E-06  89714.089    
 3  3437.1206      99.00  0.0000000       1.50  0.0000000      -2.00
  1201.0000     -502520.10      232.80584      10.498266     -.18904688E-01
  0.0000000      2230770.0    
 1  0.0000000       0.00
 Ca_Solid_Alpha(s)       #
   4  3    1.0    0.0    0.0    0.0
  1100.0000     -20289.826      5.7135695     -7.2407205     -.15879227E-01
 0.53889390E-06  89714.089    
 1  3437.1206      99.00
  1500.0000     -90294.540     -138.06623      10.498266     -.18904688E-01
  0.0000000      2230770.0    
 1  16851.838      99.00
  1501.0000     -6642.6644      193.69992     -35.000000      0.0000000    
  0.0000000      0.0000000    
 1  0.0000000       0.00
 Al2O3(s)                #
   1  1    0.0    2.0    3.0    0.0
  6001.0000      0.0000000      0.0000000      0.0000000      0.0000000    
  0.0000000      0.0000000    
 CaO(s)                  #
   1  1    1.0    0.0    1.0    0.0
  6001.0000      0.0000000      0.0000000      0.0000000      0.0000000    
  0.0000000      0.0000000    
