 System Zn-Si-Al-O-e(Spinel)-e(Mullite)                                       
    6    6    0    6    6    6    4    2   25
 Zn                       Si                       Al                      
 O                        e(Spinel)                e(Mullite)              
    65.38000000              28.08550000              26.98153860
    15.99940000               0.00054858               0.00054858
   6   1   2   3   4   5   6
   6   1   2   3   4   5   6
 Slag-liq
 SUBQ 
   3   3
 Al2O3                    
   4  5    0.0    0.0    2.0    3.0    0.0    0.0
  298.15000     -1604033.5     0.57960707      0.0000000      0.0000000    
 0.14758777E-04  0.0000000    
 3 -.19955267E-05   4.00 0.58987350E-08   5.00 -.54380533E-11   6.00
  350.15000     -1561223.7     -1673.6971      298.66000     -.63300000    
  0.0000000      0.0000000    
 1  0.0000000       0.00
  593.15000     -1638833.4      923.27053     -144.63210      0.0000000    
  0.0000000      0.0000000    
 1  0.0000000       0.00
  2327.0000     -1615242.6      1240.3272     -179.36549     0.45961240E-02
  0.0000000     -487670.49    
 2 -3313.5479       0.50 -68180608.      -2.00
  10000.000     -1750988.5      1342.1159     -192.46400      0.0000000    
  0.0000000      0.0000000    
 1  0.0000000       0.00
  2.00000      3.00000      0.00000      0.00000      0.00000    
  1.65300    
 SiO2                     
   4  2    0.0    1.0    0.0    2.0    0.0    0.0
  1995.9900     -915415.80      562.19939     -83.513598      0.0000000    
  0.0000000      1227680.0    
 2 -1498.7720       0.50 -46678699.      -2.00
  10000.000     -952208.50      564.54913     -85.772000      0.0000000    
  0.0000000      0.0000000    
 1  0.0000000       0.00
  1.00000      2.00000      0.00000      0.00000      0.00000    
  1.83700    
 ZnO                      
   4  2    1.0    0.0    0.0    1.0    0.0    0.0
  2248.0000     -308175.39      269.20194     -48.241520     -.33974080E-02
  0.0000000      0.0000000    
 2  17294726.      -2.00 -366.18964       0.50
  10000.000     -329653.95      366.31221     -61.576285      0.0000000    
  0.0000000      0.0000000    
 1  0.0000000       0.00
  1.00000      1.00000      0.00000      0.00000      0.00000    
  1.37700    
   3   1
 Al                       Si                       Zn                      
 O                       
  3.00000      4.00000      2.00000    
   1   2   1
 -2.00000    
   2
   1   2   3
   1   1   1
   1   1   4   4  2.0661656      2.0661656      1.3774438      1.3774438    
   2   2   4   4  2.7548875      2.7548875      1.3774438      1.3774438    
   3   3   4   4  1.3774438      1.3774438      1.3774438      1.3774438    
   3
 Q   1   2   4   4   1   0   0   0
  0.0000000       1.00  0.0000000       1.00  0.0000000       1.00
  0.0000000       0.00  0.0000000       0.00  0.0000000       0.00
   0   0  4184.0000      0.0000000      0.0000000      0.0000000    
  0.0000000      0.0000000    
   3
 Q   1   2   4   4   0   0   0   0
  0.0000000       1.00  0.0000000       1.00  0.0000000       1.00
  0.0000000       0.00  0.0000000       0.00  0.0000000       0.00
   0   0  5732.0800      0.0000000      0.0000000      0.0000000    
  0.0000000      0.0000000    
   3
 Q   1   2   4   4   0   3   0   0
  0.0000000       1.00  0.0000000       1.00  0.0000000       1.00
  0.0000000       0.00  0.0000000       0.00  0.0000000       0.00
   0   0  101252.80      0.0000000      0.0000000      0.0000000    
  0.0000000      0.0000000    
   3
 Q   1   2   4   4   0   5   0   0
  0.0000000       1.00  0.0000000       1.00  0.0000000       1.00
  0.0000000       0.00  0.0000000       0.00  0.0000000       0.00
   0   0 -128867.20      0.0000000      0.0000000      0.0000000    
  0.0000000      0.0000000    
   3
 Q   1   2   4   4   0   7   0   0
  0.0000000       1.00  0.0000000       1.00  0.0000000       1.00
  0.0000000       0.00  0.0000000       0.00  0.0000000       0.00
   0   0  63596.800      0.0000000      0.0000000      0.0000000    
  0.0000000      0.0000000    
   3
 Q   1   3   4   4   0   0   0   0
  0.0000000       1.00  0.0000000       1.00  0.0000000       1.00
  0.0000000       0.00  0.0000000       0.00  0.0000000       0.00
   0   0 -5020.8000      0.0000000      0.0000000      0.0000000    
  0.0000000      0.0000000    
   3
 Q   1   3   4   4   1   0   0   0
  0.0000000       1.00  0.0000000       1.00  0.0000000       1.00
  0.0000000       0.00  0.0000000       0.00  0.0000000       0.00
   0   0 -16736.000      0.0000000      0.0000000      0.0000000    
  0.0000000      0.0000000    
   3
 G   2   3   4   4   0   0   0   0
  0.0000000       1.00  0.0000000       1.00  0.0000000       1.00
  0.0000000       0.00  0.0000000       0.00  0.0000000       0.00
   0   0 -26903.120      0.0000000      0.0000000      0.0000000    
  0.0000000      0.0000000    
   3
 G   2   3   4   4   1   0   0   0
  0.0000000       1.00  0.0000000       1.00  0.0000000       1.00
  0.0000000       0.00  0.0000000       0.00  0.0000000       0.00
   0   0  33597.520      0.0000000      0.0000000      0.0000000    
  0.0000000      0.0000000    
   3
 G   2   3   4   4   3   0   0   0
  0.0000000       1.00  0.0000000       1.00  0.0000000       1.00
  0.0000000       0.00  0.0000000       0.00  0.0000000       0.00
   0   0  67362.400     -18.074880      0.0000000      0.0000000    
  0.0000000      0.0000000    
   3
 G   2   3   4   4   7   0   0   0
  0.0000000       1.00  0.0000000       1.00  0.0000000       1.00
  0.0000000       0.00  0.0000000       0.00  0.0000000       0.00
   0   0  276938.96     -129.28560      0.0000000      0.0000000    
  0.0000000      0.0000000    
   3
 G   2   3   4   4   0   2   0   0
  0.0000000       1.00  0.0000000       1.00  0.0000000       1.00
  0.0000000       0.00  0.0000000       0.00  0.0000000       0.00
   0   0  15899.200      0.0000000      0.0000000      0.0000000    
  0.0000000      0.0000000    
   3
 G   2   3   4   4   0   1   0   0
  0.0000000       1.00  0.0000000       1.00  0.0000000       1.00
  0.0000000       0.00  0.0000000       0.00  0.0000000       0.00
   0   0 -10460.000      0.0000000      0.0000000      0.0000000    
  0.0000000      0.0000000    
   3
 Q   1   3   4   4   0   0   1   0
  0.0000000       1.00  0.0000000       1.00  0.0000000       1.00
  0.0000000       0.00  0.0000000       0.00  0.0000000       0.00
   2   0 -30710.560      0.0000000      0.0000000      0.0000000    
  0.0000000      0.0000000    
   3
 Q   2   3   4   4   0   0   1   0
  0.0000000       1.00  0.0000000       1.00  0.0000000       1.00
  0.0000000       0.00  0.0000000       0.00  0.0000000       0.00
   1   0 -24058.000      0.0000000      0.0000000      0.0000000    
  0.0000000      0.0000000    
   3
 Q   2   3   4   4   0   1   1   0
  0.0000000       1.00  0.0000000       1.00  0.0000000       1.00
  0.0000000       0.00  0.0000000       0.00  0.0000000       0.00
   1   0  0.0000000      18.702480      0.0000000      0.0000000    
  0.0000000      0.0000000    
   3
 Q   1   2   4   4   0   0   2   0
  0.0000000       1.00  0.0000000       1.00  0.0000000       1.00
  0.0000000       0.00  0.0000000       0.00  0.0000000       0.00
   3   0  27196.000      0.0000000      0.0000000      0.0000000    
  0.0000000      0.0000000    
   3
 Q   2   3   4   4   0   1   2   0
  0.0000000       1.00  0.0000000       1.00  0.0000000       1.00
  0.0000000       0.00  0.0000000       0.00  0.0000000       0.00
   1   0  0.0000000      3.9329600      0.0000000      0.0000000    
  0.0000000      0.0000000    
   3
 B   1   3   4   4   0   0  15   0
  0.0000000       1.00  0.0000000       1.00  0.0000000       1.00
  0.0000000       0.00  0.0000000       0.00  0.0000000       0.00
   2   0 -104600.00      0.0000000      0.0000000      0.0000000    
  0.0000000      0.0000000    
   3
 B   1   3   4   4   0   1  15   0
  0.0000000       1.00  0.0000000       1.00  0.0000000       1.00
  0.0000000       0.00  0.0000000       0.00  0.0000000       0.00
   2   0 -334720.00      0.0000000      0.0000000      0.0000000    
  0.0000000      0.0000000    
   0
 Slag-liq
 SUBQ 
   3   3
 Al2O3                    
   4  5    0.0    0.0    2.0    3.0    0.0    0.0
  298.15000     -1604033.5     0.57960707      0.0000000      0.0000000    
 0.14758777E-04  0.0000000    
 3 -.19955267E-05   4.00 0.58987350E-08   5.00 -.54380533E-11   6.00
  350.15000     -1561223.7     -1673.6971      298.66000     -.63300000    
  0.0000000      0.0000000    
 1  0.0000000       0.00
  593.15000     -1638833.4      923.27053     -144.63210      0.0000000    
  0.0000000      0.0000000    
 1  0.0000000       0.00
  2327.0000     -1615242.6      1240.3272     -179.36549     0.45961240E-02
  0.0000000     -487670.49    
 2 -3313.5479       0.50 -68180608.      -2.00
  10000.000     -1750988.5      1342.1159     -192.46400      0.0000000    
  0.0000000      0.0000000    
 1  0.0000000       0.00
  2.00000      3.00000      0.00000      0.00000      0.00000    
  1.65300    
 SiO2                     
   4  2    0.0    1.0    0.0    2.0    0.0    0.0
  1995.9900     -915415.80      562.19939     -83.513598      0.0000000    
  0.0000000      1227680.0    
 2 -1498.7720       0.50 -46678699.      -2.00
  10000.000     -952208.50      564.54913     -85.772000      0.0000000    
  0.0000000      0.0000000    
 1  0.0000000       0.00
  1.00000      2.00000      0.00000      0.00000      0.00000    
  1.83700    
 ZnO                      
   4  2    1.0    0.0    0.0    1.0    0.0    0.0
  2248.0000     -308175.39      269.20194     -48.241520     -.33974080E-02
  0.0000000      0.0000000    
 2  17294726.      -2.00 -366.18964       0.50
  10000.000     -329653.95      366.31221     -61.576285      0.0000000    
  0.0000000      0.0000000    
 1  0.0000000       0.00
  1.00000      1.00000      0.00000      0.00000      0.00000    
  1.37700    
   3   1
 Al                       Si                       Zn                      
 O                       
  3.00000      4.00000      2.00000    
   1   2   1
 -2.00000    
   2
   1   2   3
   1   1   1
   1   1   4   4  2.0661656      2.0661656      1.3774438      1.3774438    
   2   2   4   4  2.7548875      2.7548875      1.3774438      1.3774438    
   3   3   4   4  1.3774438      1.3774438      1.3774438      1.3774438    
   3
 Q   1   2   4   4   1   0   0   0
  0.0000000       1.00  0.0000000       1.00  0.0000000       1.00
  0.0000000       0.00  0.0000000       0.00  0.0000000       0.00
   0   0  4184.0000      0.0000000      0.0000000      0.0000000    
  0.0000000      0.0000000    
   3
 Q   1   2   4   4   0   0   0   0
  0.0000000       1.00  0.0000000       1.00  0.0000000       1.00
  0.0000000       0.00  0.0000000       0.00  0.0000000       0.00
   0   0  5732.0800      0.0000000      0.0000000      0.0000000    
  0.0000000      0.0000000    
   3
 Q   1   2   4   4   0   3   0   0
  0.0000000       1.00  0.0000000       1.00  0.0000000       1.00
  0.0000000       0.00  0.0000000       0.00  0.0000000       0.00
   0   0  101252.80      0.0000000      0.0000000      0.0000000    
  0.0000000      0.0000000    
   3
 Q   1   2   4   4   0   5   0   0
  0.0000000       1.00  0.0000000       1.00  0.0000000       1.00
  0.0000000       0.00  0.0000000       0.00  0.0000000       0.00
   0   0 -128867.20      0.0000000      0.0000000      0.0000000    
  0.0000000      0.0000000    
   3
 Q   1   2   4   4   0   7   0   0
  0.0000000       1.00  0.0000000       1.00  0.0000000       1.00
  0.0000000       0.00  0.0000000       0.00  0.0000000       0.00
   0   0  63596.800      0.0000000      0.0000000      0.0000000    
  0.0000000      0.0000000    
   3
 Q   1   3   4   4   0   0   0   0
  0.0000000       1.00  0.0000000       1.00  0.0000000       1.00
  0.0000000       0.00  0.0000000       0.00  0.0000000       0.00
   0   0 -5020.8000      0.0000000      0.0000000      0.0000000    
  0.0000000      0.0000000    
   3
 Q   1   3   4   4   1   0   0   0
  0.0000000       1.00  0.0000000       1.00  0.0000000       1.00
  0.0000000       0.00  0.0000000       0.00  0.0000000       0.00
   0   0 -16736.000      0.0000000      0.0000000      0.0000000    
  0.0000000      0.0000000    
   3
 G   2   3   4   4   0   0   0   0
  0.0000000       1.00  0.0000000       1.00  0.0000000       1.00
  0.0000000       0.00  0.0000000       0.00  0.0000000       0.00
   0   0 -26903.120      0.0000000      0.0000000      0.0000000    
  0.0000000      0.0000000    
   3
 G   2   3   4   4   1   0   0   0
  0.0000000       1.00  0.0000000       1.00  0.0000000       1.00
  0.0000000       0.00  0.0000000       0.00  0.0000000       0.00
   0   0  33597.520      0.0000000      0.0000000      0.0000000    
  0.0000000      0.0000000    
   3
 G   2   3   4   4   3   0   0   0
  0.0000000       1.00  0.0000000       1.00  0.0000000       1.00
  0.0000000       0.00  0.0000000       0.00  0.0000000       0.00
   0   0  67362.400     -18.074880      0.0000000      0.0000000    
  0.0000000      0.0000000    
   3
 G   2   3   4   4   7   0   0   0
  0.0000000       1.00  0.0000000       1.00  0.0000000       1.00
  0.0000000       0.00  0.0000000       0.00  0.0000000       0.00
   0   0  276938.96     -129.28560      0.0000000      0.0000000    
  0.0000000      0.0000000    
   3
 G   2   3   4   4   0   2   0   0
  0.0000000       1.00  0.0000000       1.00  0.0000000       1.00
  0.0000000       0.00  0.0000000       0.00  0.0000000       0.00
   0   0  15899.200      0.0000000      0.0000000      0.0000000    
  0.0000000      0.0000000    
   3
 G   2   3   4   4   0   1   0   0
  0.0000000       1.00  0.0000000       1.00  0.0000000       1.00
  0.0000000       0.00  0.0000000       0.00  0.0000000       0.00
   0   0 -10460.000      0.0000000      0.0000000      0.0000000    
  0.0000000      0.0000000    
   3
 Q   1   3   4   4   0   0   1   0
  0.0000000       1.00  0.0000000       1.00  0.0000000       1.00
  0.0000000       0.00  0.0000000       0.00  0.0000000       0.00
   2   0 -30710.560      0.0000000      0.0000000      0.0000000    
  0.0000000      0.0000000    
   3
 Q   2   3   4   4   0   0   1   0
  0.0000000       1.00  0.0000000       1.00  0.0000000       1.00
  0.0000000       0.00  0.0000000       0.00  0.0000000       0.00
   1   0 -24058.000      0.0000000      0.0000000      0.0000000    
  0.0000000      0.0000000    
   3
 Q   2   3   4   4   0   1   1   0
  0.0000000       1.00  0.0000000       1.00  0.0000000       1.00
  0.0000000       0.00  0.0000000       0.00  0.0000000       0.00
   1   0  0.0000000      18.702480      0.0000000      0.0000000    
  0.0000000      0.0000000    
   3
 Q   1   2   4   4   0   0   2   0
  0.0000000       1.00  0.0000000       1.00  0.0000000       1.00
  0.0000000       0.00  0.0000000       0.00  0.0000000       0.00
   3   0  27196.000      0.0000000      0.0000000      0.0000000    
  0.0000000      0.0000000    
   3
 Q   2   3   4   4   0   1   2   0
  0.0000000       1.00  0.0000000       1.00  0.0000000       1.00
  0.0000000       0.00  0.0000000       0.00  0.0000000       0.00
   1   0  0.0000000      3.9329600      0.0000000      0.0000000    
  0.0000000      0.0000000    
   3
 B   1   3   4   4   0   0  15   0
  0.0000000       1.00  0.0000000       1.00  0.0000000       1.00
  0.0000000       0.00  0.0000000       0.00  0.0000000       0.00
   2   0 -104600.00      0.0000000      0.0000000      0.0000000    
  0.0000000      0.0000000    
   3
 B   1   3   4   4   0   1  15   0
  0.0000000       1.00  0.0000000       1.00  0.0000000       1.00
  0.0000000       0.00  0.0000000       0.00  0.0000000       0.00
   2   0 -334720.00      0.0000000      0.0000000      0.0000000    
  0.0000000      0.0000000    
   0
 Spinel                  
 SUBLM
 0.333333     0.280000    
 Al3O4[1+]                
  16  4    0.0    0.0    3.0    4.0   -1.0    0.0
  360.00000     -2400458.8     -895.24594      171.37331     -.66138277    
 0.25374856E-03 -722638.05    
 1  1626.4218      99.00
  2500.0000     -2460685.0      911.42853     -139.46543     -.26428652E-01
 0.18254500E-05  1987036.9    
 1  0.0000000       0.00
  2503.0000     -2436375.0      754.18546     -119.32368     -.30503250E-01
 0.18254500E-05  2709675.0    
 1  0.0000000       0.00
  6000.0000     -2508646.0      1369.7601     -202.53917      0.0000000    
  0.0000000      0.0000000    
 1  0.0000000       0.00
  0.00000      0.00000    
 Al1O4[5-]                
  16  4    0.0    0.0    1.0    4.0    5.0    0.0
  360.00000     -1461831.5      13309.815     -2097.0175      3.2834834    
 -.12687428E-02  19058642.    
 3 -8132.1090      99.00 -26508.385       0.50 -.54544482E+09  -2.00
  2500.0000     -1160700.4      4276.4428     -542.82384     0.10871286    
 -.91272500E-05  5510267.2    
 2 -26508.385       0.50 -.54544482E+09  -2.00
  2503.0000     -1282250.5      5062.6582     -643.53257     0.12908585    
 -.91272500E-05  1897076.9    
 2 -26508.385       0.50 -.54544482E+09  -2.00
  6000.0000     -1375341.1      1424.6206     -207.56324      0.0000000    
  0.0000000      0.0000000    
 1  0.0000000       0.00
  0.00000      0.00000    
 Zn1Al2O4                 
  16  2    1.0    0.0    2.0    4.0    0.0    0.0
  3000.0000     -2019539.1      2279.0505     -300.40463     0.81491945E-02
  0.0000000     -146872.55    
 3 -41882431.      -2.00 -11866.227       0.50 -7359.3440      99.00
  6000.0000     -2153122.0      1267.3051     -194.93663      0.0000000    
  0.0000000      0.0000000    
 1  0.0000000       0.00
  0.00000      0.00000    
 Zn1Zn2O4[2-]             
  16  2    3.0    0.0    0.0    4.0    2.0    0.0
  2500.0000     -1091329.1      2771.5674     -363.01143     0.16298391E-01
  0.0000000     -2890552.2    
 2 -22078.032      99.00 -15559.484       0.50
  6000.0000     -1317166.1      1213.7540     -195.81581      0.0000000    
  0.0000000      0.0000000    
 1  0.0000000       0.00
  0.00000      0.00000    
 Al1Zn2O4[1-]             
  16  5    2.0    0.0    1.0    4.0    1.0    0.0
  360.00000     -1468641.4      5435.3470     -772.18258     0.67768116    
 -.25374856E-03  428892.94    
 3 -16345.110      99.00 -83764861.      -2.00 -23732.453       0.50
  2500.0000     -1408415.2      3628.6726     -461.34384     0.42727041E-01
 -.18254500E-05 -2280782.1    
 3 -83764861.      -2.00 -23732.453       0.50 -14718.688      99.00
  2503.0000     -1432725.2      3785.9156     -481.48559     0.46801639E-01
 -.18254500E-05 -3003420.1    
 3 -83764861.      -2.00 -23732.453       0.50 -14718.688      99.00
  3000.0000     -1360454.2      3170.3409     -398.27010     0.16298389E-01
  0.0000000     -293745.11    
 3 -83764861.      -2.00 -23732.453       0.50 -14718.688      99.00
  6000.0000     -1627620.0      1146.8500     -187.33409      0.0000000    
  0.0000000      0.0000000    
 1  0.0000000       0.00
  0.00000      0.00000    
 Zn1Va2O4[6-]             
  16  2    1.0    0.0    0.0    4.0    6.0    0.0
  2500.0000     -712410.67      1331.7411     -187.60666     0.23283416E-02
  0.0000000     -412936.03    
 2 -7359.3440      99.00 -5186.4947       0.50
  6000.0000     -806211.58      932.27426     -147.22088      0.0000000    
  0.0000000      0.0000000    
 1  0.0000000       0.00
  0.00000      0.00000    
   2
  1.00000      2.00000    
   2   3
 Al[3+]T                  Zn[2+]T                 
 Va[0]O                   Al[3+]O                  Zn[2+]O                 
   1   1   2   2   1   2
   2   1   2   3   3   1
   0
   3
   1   2   3   1
 -154808.00      0.0000000      0.0000000      0.0000000      0.0000000    
  0.0000000    
   3
   2   3   4   1
  0.0000000      0.0000000      0.0000000      0.0000000      0.0000000    
  0.0000000    
   0
 Mullite                 
 SUBL 
 Al2Al1O5                 
   4  3    0.0    0.0    3.0    5.0    0.0    1.0
  298.15000     -2442029.7     0.49717686      0.0000000      0.0000000    
 0.22138165E-04  0.0000000    
 3 -.29932900E-05   4.00 0.88481025E-08   5.00 -.81570800E-11   6.00
  2327.0000     -2469371.0      1649.5189     -232.52832      0.0000000    
  0.0000000      2896022.3    
 2 -4970.3219       0.50 -.10227091E+09  -2.00
  6000.0000     -2717522.4      2089.0810     -288.69600      0.0000000    
  0.0000000      0.0000000    
 1  0.0000000       0.00
 Al2Al1Va5                
   4  3    0.0    0.0    3.0    0.0    0.0   -9.0
  298.15000     -2442029.7     0.49717686      0.0000000      0.0000000    
 0.22138165E-04  0.0000000    
 3 -.29932900E-05   4.00 0.88481025E-08   5.00 -.81570800E-11   6.00
  2327.0000     -2469371.0      1649.5189     -232.52832      0.0000000    
  0.0000000      2896022.3    
 2 -4970.3219       0.50 -.10227091E+09  -2.00
  6000.0000     -2717522.4      2089.0810     -288.69600      0.0000000    
  0.0000000      0.0000000    
 1  0.0000000       0.00
 Al2Si1O5                 
   4  3    0.0    1.0    2.0    5.0    0.0    0.0
  1483.0000     -2679738.9      1206.3703     -188.22136     -.73386400E-02
  0.0000000      6180000.0    
 2 -.26706667E+09  -2.00  3205.2000      99.00
  3000.0000     -2761476.1      1197.6243     -188.22136     -.73386400E-02
  0.0000000      6180000.0    
 2 -.26706667E+09  -2.00  16175.600      99.00
  6000.0000     -2722394.3      1591.6112     -236.33108      0.0000000    
  0.0000000      0.0000000    
 1  0.0000000       0.00
 Al2Si1Va5                
   4  3    0.0    1.0    2.0    0.0    0.0  -10.0
  1483.0000     -2679738.9      1206.3703     -188.22136     -.73386400E-02
  0.0000000      6180000.0    
 2 -.26706667E+09  -2.00  3205.2000      99.00
  3000.0000     -2761476.1      1197.6243     -188.22136     -.73386400E-02
  0.0000000      6180000.0    
 2 -.26706667E+09  -2.00  16175.600      99.00
  6000.0000     -2722394.3      1591.6112     -236.33108      0.0000000    
  0.0000000      0.0000000    
 1  0.0000000       0.00
   3
  2.00000      1.00000      5.00000    
   1   2   2
 Al[A1]                  
 Al[A2]                   Si[A2]                  
 O[A3]                    Va[A3]                  
   1   1   1   1
   1   1   2   2
   1   2   1   2
   4
   1   2   3   4   1
 -83680.000      0.0000000      0.0000000      0.0000000      0.0000000    
  0.0000000    
   4
   1   2   3   5   1
 -83680.000      0.0000000      0.0000000      0.0000000      0.0000000    
  0.0000000    
   0
 Zincite                 
 QKTO 
 ZnO                      
   4  2    1.0    0.0    0.0    1.0    0.0    0.0
  2248.0000     -362567.38      293.39794     -48.241520     -.33974080E-02
  0.0000000      0.0000000    
 2  17294726.      -2.00 -366.18964       0.50
  3000.0000     -382004.11      382.58997     -60.668000      0.0000000    
  0.0000000      0.0000000    
 1  0.0000000       0.00
  1.00000      1
 (Al2O3):2                
   4  3    0.0    0.0    1.0 1.5000    0.0    0.0
  298.15000     -708978.93     -37.350808      0.0000000      0.0000000    
 0.73793883E-05  0.0000000    
 3 -.99776333E-06   4.00 0.29493675E-08   5.00 -.27190267E-11   6.00
  2327.0000     -718092.71      512.32310     -77.509441      0.0000000    
  0.0000000      965340.75    
 2 -1656.7740       0.50 -34090304.      -2.00
  3000.0000     -800809.86      658.84379     -96.232000      0.0000000    
  0.0000000      0.0000000    
 1  0.0000000       0.00
  1.00000      1
   2
   1   2   1   1 -22342.560     -9.7068800      0.0000000      0.0000000    
  0.0000000      0.0000000    
   2
   1   2   9   1 -79077.600      0.0000000      0.0000000      0.0000000    
  0.0000000      0.0000000    
   2
   1   2  15   1  67362.400      13.388800      0.0000000      0.0000000    
  0.0000000      0.0000000    
   2
   1   2   5   1  22049.680      2.0920000      0.0000000      0.0000000    
  0.0000000      0.0000000    
   0
 Al2O3_liquid(liq)        
   4  5    0.0    0.0    2.0    3.0    0.0    0.0
  298.15000     -1604033.5     0.57960671      0.0000000      0.0000000    
 0.14758777E-04  0.0000000    
 3 -.19955267E-05   4.00 0.58987350E-08   5.00 -.54380533E-11   6.00
  350.15000     -1561223.6     -1673.6971      298.66000     -.63300000    
  0.0000000      0.0000000    
 1  0.0000000       0.00
  593.15000     -1638833.4      923.27053     -144.63210      0.0000000    
  0.0000000      0.0000000    
 1  0.0000000       0.00
  2327.0000     -1615242.6      1240.3272     -179.36549     0.45961240E-02
  0.0000000     -487670.49    
 2 -3313.5479       0.50 -68180608.      -2.00
  10000.000     -1750988.5      1342.1159     -192.46400      0.0000000    
  0.0000000      0.0000000    
 1  0.0000000       0.00
 SiO2_liquid(liq)         
   4  2    0.0    1.0    0.0    2.0    0.0    0.0
  1995.9900     -915415.78      562.19939     -83.513598      0.0000000    
  0.0000000      1227680.0    
 2 -1498.7720       0.50 -46678699.      -2.00
  3000.0000     -952208.47      564.54913     -85.772000      0.0000000    
  0.0000000      0.0000000    
 1  0.0000000       0.00
 ZnO_liquid(liq)          
   4  2    1.0    0.0    0.0    1.0    0.0    0.0
  2248.0000     -308175.38      269.20194     -48.241520     -.33974080E-02
  0.0000000      0.0000000    
 2  17294726.      -2.00 -366.18964       0.50
  2500.0000     -327612.11      358.39397     -60.668000      0.0000000    
  0.0000000      0.0000000    
 1  0.0000000       0.00
 Al2O3_gamma(s)           
   4  3    0.0    0.0    2.0    3.0    0.0    0.0
  1200.0000     -1354204.2     -619.53744      15.733273     -.14974255E-01
  0.0000000     -2497634.5    
 2  28273.406       0.50 -112109.37      99.00
  2327.0000      4225305.0     -9185.7772      787.51538     -.32938713E-01
  0.0000000     -.13190819E+09
 2  267542.91       0.50 -1525527.4      99.00
  3000.0000     -1837990.9      1379.9155     -192.46400      0.0000000    
  0.0000000      0.0000000    
 1  0.0000000       0.00
 Al2O3_delta(s2)          
   4  3    0.0    0.0    2.0    3.0    0.0    0.0
  1200.0000     -1368652.8     -609.15404      15.528478     -.14735880E-01
  0.0000000     -2458065.1    
 2  27823.164       0.50 -110319.62      99.00
  2327.0000      2217319.5     -3971.3490      288.35088      0.0000000    
 -.95877182E-06 -93660576.    
 2  150763.69       0.50 -967134.34      99.00
  3000.0000     -1851944.9      1385.6862     -192.46400      0.0000000    
  0.0000000      0.0000000    
 1  0.0000000       0.00
 Al2O3_kappa(s3)          
   4  3    0.0    0.0    2.0    3.0    0.0    0.0
  1100.0000     -1737476.8      618.94960     -103.93990     -.69397450E-02
  0.0000000      4571227.1    
 2  2238.9803       0.50 -.19043842E+09  -2.00
  2327.0000      1996439.2     -5512.9238      452.67670     -.21877016E-01
  0.0000000     -79903214.    
 2  168810.89       0.50 -957656.86      99.00
  3000.0000     -1849802.3      1384.6978     -192.46400      0.0000000    
  0.0000000      0.0000000    
 1  0.0000000       0.00
 Al2O3_corundum(alpha(s4) 
   4  3    0.0    0.0    2.0    3.0    0.0    0.0
  298.15000     -1685733.9     0.61038440      0.0000000      0.0000000    
 0.14758777E-04  0.0000000    
 3 -.19955267E-05   4.00 0.58987350E-08   5.00 -.54380533E-11   6.00
  2327.0000     -1703961.4      1099.9582     -155.01888      0.0000000    
  0.0000000      1930681.5    
 2 -3313.5479       0.50 -68180608.      -2.00
  3000.0000     -1869395.7      1392.9996     -192.46400      0.0000000    
  0.0000000      0.0000000    
 1  0.0000000       0.00
 SiO2_Quartz(l)(s)        
   4  3    0.0    1.0    0.0    2.0    0.0    0.0
  373.00000     -935388.52      536.02534     -80.011992      0.0000000    
  0.0000000      1773342.0    
 2 -961.10400       0.50 -81928062.      -2.00
  848.02000     -935486.56      537.07570     -80.011992     -.42200109E-02
 0.75354502E-05  1773342.0    
 3 -.50458705E-08   4.00 -961.10400       0.50 -81928062.      -2.00
  850.00005     -876151.35     -104.03379     -.41840000E-01  0.0000000    
  0.0000000      0.0000000    
 1  0.0000000       0.00
 SiO2_Quartz(h)(s2)       
   4  2    0.0    1.0    0.0    2.0    0.0    0.0
  1995.9900     -933315.35      533.27854     -80.011992      0.0000000    
  0.0000000      1773342.0    
 2 -961.10400       0.50 -81928062.      -2.00
  3000.0000     -964566.44      571.62748     -85.772000      0.0000000    
  0.0000000      0.0000000    
 1  0.0000000       0.00
 SiO2_Tridymite(l)(s3)    
   4  2    0.0    1.0    0.0    2.0    0.0    0.0
  390.15000     -945992.95      500.41935     -75.372668     -.91038535E-01
 0.20563620E-03  2979047.5    
 2 -.17418275E-06   4.00 -.15970769E+09  -2.00
  392.15005     -902938.32     -57.078250     -.41840000E-01  0.0000000    
  0.0000000      0.0000000    
 1  0.0000000       0.00
 SiO2_Tridymite(h)(s4)    
   4  2    0.0    1.0    0.0    2.0    0.0    0.0
  1991.2800     -944111.18      480.75283     -75.372668      0.0000000    
  0.0000000      2979047.5    
 1 -.15970769E+09  -2.00
  3000.0000     -961947.91      569.44018     -85.772000      0.0000000    
  0.0000000      0.0000000    
 1  0.0000000       0.00
 SiO2_Cristobalite(l)(s5) 
   4  2    0.0    1.0    0.0    2.0    0.0    0.0
  535.15000     -926547.68      571.80289     -83.513598     -.10104998E-01
 0.20917698E-04  1227680.0    
 3 -.16237635E-07   4.00 -1498.7720       0.50 -46678699.      -2.00
  537.15005     -894636.82     -74.954095     -.41840000E-01  0.0000000    
  0.0000000      0.0000000    
 1  0.0000000       0.00
 SiO2_Cristobalite(h)(s6) 
   4  2    0.0    1.0    0.0    2.0    0.0    0.0
  1995.9900     -924997.14      566.99970     -83.513598      0.0000000    
  0.0000000      1227680.0    
 2 -1498.7720       0.50 -46678699.      -2.00
  3000.0000     -961789.83      569.34944     -85.772000      0.0000000    
  0.0000000      0.0000000    
 1  0.0000000       0.00
 SiO2_coesite(s7)         
   4  2    0.0    1.0    0.0    2.0    0.0    0.0
  3000.0000     -905834.72      514.41668     -78.000011      0.0000000    
  0.0000000      1550000.5    
 2 -97633361.      -2.00 -6688.9985      99.00
  3000.0000     -944042.27      489.03404     -75.447596      0.0000000    
  0.0000000      0.0000000    
 1  0.0000000       0.00
 SiO2_stishovite(s8)      
   4  2    0.0    1.0    0.0    2.0    0.0    0.0
  3000.0000     -993685.73      353.06158     -58.119986     -.35009997E-02
  0.0000000      6294493.3    
 2 -.29879966E+09  -2.00  17010.010      99.00
  3000.0000     -914932.50      565.30233     -83.463611      0.0000000    
  0.0000000      0.0000000    
 1  0.0000000       0.00
 Al2Si2O7_solid(s)        
   1  2    0.0    2.0    2.0    7.0    0.0    0.0
  1800.0000     -3286163.2      1419.7663     -229.49240     -.18409600E-01
  0.0000000      728016.00    
  1800.0000     -3344192.5      1912.4876     -295.31757      0.0000000    
  0.0000000      0.0000000    
 ZnO_Zincite(s)           
   4  2    1.0    0.0    0.0    1.0    0.0    0.0
  2248.0000     -362567.38      293.39794     -48.241520     -.33974080E-02
  0.0000000      0.0000000    
 2  17294726.      -2.00 -366.18964       0.50
  2500.0000     -382004.11      382.58997     -60.668000      0.0000000    
  0.0000000      0.0000000    
 1  0.0000000       0.00
 Zn2SiO4_Willemite(s)     
   4  2    2.0    1.0    0.0    4.0    0.0    0.0
  1800.0000     -1679710.8      1183.8110     -181.97936     -.67948160E-02
  0.0000000      1264278.4    
 2 -2742.7372       0.50 -24261458.      -2.00
  1800.0000     -1728075.0      1190.7359     -189.52351      0.0000000    
  0.0000000      0.0000000    
 1  0.0000000       0.00
 O2(g)                   #
   4  4    0.0    0.0    0.0    2.0    0.0    0.0
  1000.0000     -5219.3324     -12.179856     -26.924057     -.84893408E-02
 0.11276942E-05 -114664.63    
 1 -316.64663       0.50
  4000.0000     -389938.78      638.67678     -89.681327     0.72372244E-03
  0.0000000      9341343.0    
 2 -16506.149       0.50  95803.960      99.00
  6000.0000     -8951197.1      2742.7612     -249.17312      0.0000000    
  0.0000000     0.59248921E+09
 2 -139742.68       0.50  1674792.2      99.00
  6000.0000     -42014.302      116.92408     -44.371534      0.0000000    
  0.0000000      0.0000000    
 1  0.0000000       0.00
 Al_solid(s)             #
   4  2    0.0    0.0    1.0    0.0    0.0    0.0
  1200.0000      2174.8191      262.98630     -45.924818      0.0000000    
 -.26162145E-05  0.0000000    
 3 -2850.4189      99.00  1.0292234       1.50  990911.72      -2.00
  1201.0000     -10524.175      188.12050     -31.751000      0.0000000    
  0.0000000      0.0000000    
 1  0.0000000       0.00
 Si_solid(s)             #
   1  3    0.0    1.0    0.0    0.0    0.0    0.0
  1685.0000     -8156.5395      137.08626     -22.809187     -.19353432E-02
  0.0000000      176496.04    
  2500.0000     -7247.8181      131.65735     -22.103566     -.21078338E-02
  0.0000000      0.0000000    
  2500.0000     -20421.779      214.11629     -32.642735      0.0000000    
  0.0000000      0.0000000    
 Zn_solid(s)             #
   1  2    1.0    0.0    0.0    0.0    0.0    0.0
  1000.0000     -6832.4901      108.04852     -21.980430     -.44352990E-02
 -.55097997E-06 -21533.868    
  1001.0000     -10737.869      171.87601     -31.380000      0.0000000    
  0.0000000      0.0000000    
 SiO2(s)                 #
   1  1    0.0    1.0    0.0    2.0    0.0    0.0
  6001.0000      0.0000000      0.0000000      0.0000000      0.0000000    
  0.0000000      0.0000000    
 ZnO(s)                  #
   1  1    1.0    0.0    0.0    1.0    0.0    0.0
  6001.0000      0.0000000      0.0000000      0.0000000      0.0000000    
  0.0000000      0.0000000    
 Al2O3(s)                #
   1  1    0.0    0.0    2.0    3.0    0.0    0.0
  6001.0000      0.0000000      0.0000000      0.0000000      0.0000000    
  0.0000000      0.0000000    
