 System Zn-Si-O
    3    5    9    3    3    1    1   17
 Zn                       Si                       O
    65.38000000              28.08550000              15.99940000
   6   1   2   3   4   5   6
   6   1   2   3   4   5   6
 gas_ideal
 IDMX
 O
   4  3    0.0    0.0    1.0
  2200.0000      242682.20     -30.020448     -19.964968     -.13194946E-03
 0.61589319E-08 -29327.439
 1  83.809856       0.50
  6000.0000     -84471.471      186.78944     -38.050669         0.00000000
     0.00000000  12120739.
 2  70811.436      99.00 -8330.8535       0.50
  6000.0000      236685.00     -8.3771889     -22.291487         0.00000000
     0.00000000     0.00000000
 1     0.00000000   0.00
 O2
   4  4    0.0    0.0    2.0
  1000.0000     -5219.3324     -12.179856     -26.924057     -.84893408E-02
 0.11276942E-05 -114664.63
 1 -316.64663       0.50
  4000.0000     -389938.78      638.67678     -89.681327     0.72372244E-03
     0.00000000  9341343.0
 2 -16506.149       0.50  95803.960      99.00
  6000.0000     -8951197.1      2742.7612     -249.17312         0.00000000
     0.00000000 0.59248921E+09
 2 -139742.68       0.50  1674792.2      99.00
  6000.0000     -42014.302      116.92408     -44.371534         0.00000000
     0.00000000     0.00000000
 1     0.00000000   0.00
 O3
   4  3    0.0    0.0    3.0
  1900.0000      200310.28      315.13014     -76.555764     0.46115697E-02
 -.32267167E-06 -821844.45
 1 -15871.007      99.00
  6000.0000     -95706.532      344.94952     -73.713624         0.00000000
     0.00000000  9320171.5
 2  47079.583      99.00 -6138.3410       0.50
  6000.0000      107048.81      191.83924     -61.231023         0.00000000
     0.00000000     0.00000000
 1     0.00000000   0.00
 Si
   4  4    0.0    1.0    0.0
  1500.0000      445570.59     -20.859921     -22.013617     0.92847675E-03
 -.16303391E-06 -79739.419
 1 -324.66877      99.00
  3504.6200      340880.14      355.61061     -56.923362     0.10639292E-02
     0.00000000 -16663.230
 2  34541.637      99.00 -8596.5615       0.50
  6000.0000     -829815.84      311.63368     -47.882437         0.00000000
     0.00000000  90175424.
 2  232882.35      99.00 -18145.267       0.50
  6000.0000      439118.24     -9.3409326     -23.122819         0.00000000
     0.00000000     0.00000000
 1     0.00000000   0.00
 Si2
   4  3    0.0    2.0    0.0
  1500.0000      572653.88      8.9745724     -36.803360     -.11140520E-03
 -.21253500E-06  31951.870
 1 0.12991358E-10   4.00
  6000.0000      577194.72     -15.116520     -33.648480     -.12258010E-02
 -.10859650E-06 -1222833.0
 1 0.91246917E-11   4.00
  6000.0000      544853.69      107.81302     -48.231670         0.00000000
     0.00000000     0.00000000
 1     0.00000000   0.00
 Si3
   4  3    0.0    3.0    0.0
  1500.0000      610951.83      47.993223     -46.948680     -.19674900E-01
 0.58692150E-05  217820.10
 1 -.86128342E-09   4.00
  6000.0000      629144.28      10.788832     -44.867810     -.50051570E-02
 0.23531670E-06 -5094745.0
 1 -.46830840E-11   4.00
  6000.0000      594252.27      182.28018     -66.522882         0.00000000
     0.00000000     0.00000000
 1     0.00000000   0.00
 SiO
   4  3    0.0    1.0    1.0
  1500.0000     -106328.82     -55.156865     -22.289180     -.14076350E-01
 0.32740433E-05 -36687.960
 1 -.40728230E-09   4.00
  6000.0000     -108244.66      5.1082575     -31.992510     -.22267760E-02
 0.20200100E-06 -549071.60
 1 -.10198190E-10   4.00
  6000.0000     -133197.47      84.069526     -41.545818         0.00000000
     0.00000000     0.00000000
 1     0.00000000   0.00
 SiO2
   4  4    0.0    1.0    2.0
  1000.0000     -308897.42      344.64250     -76.030000         0.00000000
     0.00000000     0.00000000
 1 -2224.0000       0.50
  2400.0000     -317759.94      259.79682     -67.500000         0.00000000
     0.00000000     0.00000000
 1 -1124.0000       0.50
  6000.0000     -331016.15      194.77933     -61.360000     -.79850000E-04
     0.00000000     0.00000000
 1     0.00000000   0.00
  6000.0000     -333890.75      203.11521     -62.318200         0.00000000
     0.00000000     0.00000000
 1     0.00000000   0.00
 Zn
   4  4    1.0    0.0    0.0
  2600.0000      124222.65     -21.772755     -20.786000         0.00000000
     0.00000000     0.00000000
 1     0.00000000   0.00
  4500.0000      2888551.6     -2404.5536      186.52198     -.38935171E-02
     0.00000000 -.10142865E+09
 2 -614875.40      99.00  80267.492       0.50
  6000.0000     -15115475.      4176.1482     -347.05868         0.00000000
     0.00000000 0.10394193E+10
 2  2830810.9      99.00 -228731.36       0.50
  6000.0000      113166.92     -1.6786654     -22.887685         0.00000000
     0.00000000     0.00000000
 1     0.00000000   0.00
 Slag-liq
 SUBQ
   2   2
 SiO2
   4  4    0.0    1.0    2.0
  50.000000     -913283.22     -.40204120         0.00000000     0.00000000
     0.00000000     0.00000000
 3 -.25000000E-04   4.00 0.40163700E-06   5.00 -.20477600E-08   6.00
  298.15000     -913268.17     -4.6018350      1.5872765     -.65441286E-01
 -.13354133E-03     0.00000000
 2 0.33803750E-06   4.00 -.27740200E-09   5.00
  3500.0000     -941522.55     -1322.1123      209.89030     0.77921616E-01
 -.15381266E-05  692179.82
 3 -2886.8039      99.00 -15.551192       1.50  8523.7139       0.50
  3500.0000     -946715.52      539.20553     -82.807867         0.00000000
     0.00000000     0.00000000
 1     0.00000000   0.00
  1.00000      2.00000         0.000000     0.000000     0.000000
  1.83700
 ZnO
   4  3    1.0    0.0    1.0
  298.15000     -327787.82      4.7363500         0.00000000 -.85535000E-01
 -.10201333E-04     0.00000000
 1 0.48345000E-07   4.00
  710.00000     -329908.50      111.77245     -20.109506     -.35134151E-01
     0.00000000     0.00000000
 1     0.00000000   0.00
  3500.0000     -347619.62      439.31676     -70.000000         0.00000000
     0.00000000     0.00000000
 1     0.00000000   0.00
  1.00000      1.00000         0.000000     0.000000     0.000000
  1.37700
   2   1
 Si                       Zn
 O
  4.00000      2.00000
   2   1
  2.00000
   2
   1   2
   1   1
   1   1   3   3  2.7548875      2.7548875      1.3774438      1.3774438
   2   2   3   3  1.3774438      1.3774438      1.3774438      1.3774438
   3
 G   1   2   3   3   0   0   0   0
     0.00000000   1.00     0.00000000   1.00     0.00000000   1.00
     0.00000000   0.00     0.00000000   0.00     0.00000000   0.00
   0   0 -21589.440     -3.3472000         0.00000000     0.00000000
     0.00000000     0.00000000
   3
 G   1   2   3   3   1   0   0   0
     0.00000000   1.00     0.00000000   1.00     0.00000000   1.00
     0.00000000   0.00     0.00000000   0.00     0.00000000   0.00
   0   0  37363.120         0.00000000     0.00000000     0.00000000
     0.00000000     0.00000000
   3
 G   1   2   3   3   3   0   0   0
     0.00000000   1.00     0.00000000   1.00     0.00000000   1.00
     0.00000000   0.00     0.00000000   0.00     0.00000000   0.00
   0   0  49371.200     -10.460000         0.00000000     0.00000000
     0.00000000     0.00000000
   3
 G   1   2   3   3   7   0   0   0
     0.00000000   1.00     0.00000000   1.00     0.00000000   1.00
     0.00000000   0.00     0.00000000   0.00     0.00000000   0.00
   0   0  149787.20     -66.944000         0.00000000     0.00000000
     0.00000000     0.00000000
   3
 G   1   2   3   3   0   2   0   0
     0.00000000   1.00     0.00000000   1.00     0.00000000   1.00
     0.00000000   0.00     0.00000000   0.00     0.00000000   0.00
   0   0     0.00000000     0.00000000     0.00000000     0.00000000
     0.00000000     0.00000000
   3
 G   1   2   3   3   0   1   0   0
     0.00000000   1.00     0.00000000   1.00     0.00000000   1.00
     0.00000000   0.00     0.00000000   0.00     0.00000000   0.00
   0   0 -1314.2356         0.00000000     0.00000000     0.00000000
     0.00000000     0.00000000
   3
 G   1   2   3   3  15   0   0   0
     0.00000000   1.00     0.00000000   1.00     0.00000000   1.00
     0.00000000   0.00     0.00000000   0.00     0.00000000   0.00
   0   0  9372.1600         0.00000000     0.00000000     0.00000000
     0.00000000     0.00000000
   0
 Slag-liq
 SUBQ
   2   2
 SiO2
   4  4    0.0    1.0    2.0
  50.000000     -913283.22     -.40204120         0.00000000     0.00000000
     0.00000000     0.00000000
 3 -.25000000E-04   4.00 0.40163700E-06   5.00 -.20477600E-08   6.00
  298.15000     -913268.17     -4.6018350      1.5872765     -.65441286E-01
 -.13354133E-03     0.00000000
 2 0.33803750E-06   4.00 -.27740200E-09   5.00
  3500.0000     -941522.55     -1322.1123      209.89030     0.77921616E-01
 -.15381266E-05  692179.82
 3 -2886.8039      99.00 -15.551192       1.50  8523.7139       0.50
  3500.0000     -946715.52      539.20553     -82.807867         0.00000000
     0.00000000     0.00000000
 1     0.00000000   0.00
  1.00000      2.00000         0.000000     0.000000     0.000000
  1.83700
 ZnO
   4  3    1.0    0.0    1.0
  298.15000     -327787.82      4.7363500         0.00000000 -.85535000E-01
 -.10201333E-04     0.00000000
 1 0.48345000E-07   4.00
  710.00000     -329908.50      111.77245     -20.109506     -.35134151E-01
     0.00000000     0.00000000
 1     0.00000000   0.00
  3500.0000     -347619.62      439.31676     -70.000000         0.00000000
     0.00000000     0.00000000
 1     0.00000000   0.00
  1.00000      1.00000         0.000000     0.000000     0.000000
  1.37700
   2   1
 Si                       Zn
 O
  4.00000      2.00000
   2   1
  2.00000
   2
   1   2
   1   1
   1   1   3   3  2.7548875      2.7548875      1.3774438      1.3774438
   2   2   3   3  1.3774438      1.3774438      1.3774438      1.3774438
   3
 G   1   2   3   3   0   0   0   0
     0.00000000   1.00     0.00000000   1.00     0.00000000   1.00
     0.00000000   0.00     0.00000000   0.00     0.00000000   0.00
   0   0 -21589.440     -3.3472000         0.00000000     0.00000000
     0.00000000     0.00000000
   3
 G   1   2   3   3   1   0   0   0
     0.00000000   1.00     0.00000000   1.00     0.00000000   1.00
     0.00000000   0.00     0.00000000   0.00     0.00000000   0.00
   0   0  37363.120         0.00000000     0.00000000     0.00000000
     0.00000000     0.00000000
   3
 G   1   2   3   3   3   0   0   0
     0.00000000   1.00     0.00000000   1.00     0.00000000   1.00
     0.00000000   0.00     0.00000000   0.00     0.00000000   0.00
   0   0  49371.200     -10.460000         0.00000000     0.00000000
     0.00000000     0.00000000
   3
 G   1   2   3   3   7   0   0   0
     0.00000000   1.00     0.00000000   1.00     0.00000000   1.00
     0.00000000   0.00     0.00000000   0.00     0.00000000   0.00
   0   0  149787.20     -66.944000         0.00000000     0.00000000
     0.00000000     0.00000000
   3
 G   1   2   3   3   0   2   0   0
     0.00000000   1.00     0.00000000   1.00     0.00000000   1.00
     0.00000000   0.00     0.00000000   0.00     0.00000000   0.00
   0   0     0.00000000     0.00000000     0.00000000     0.00000000
     0.00000000     0.00000000
   3
 G   1   2   3   3   0   1   0   0
     0.00000000   1.00     0.00000000   1.00     0.00000000   1.00
     0.00000000   0.00     0.00000000   0.00     0.00000000   0.00
   0   0 -1314.2356         0.00000000     0.00000000     0.00000000
     0.00000000     0.00000000
   3
 G   1   2   3   3  15   0   0   0
     0.00000000   1.00     0.00000000   1.00     0.00000000   1.00
     0.00000000   0.00     0.00000000   0.00     0.00000000   0.00
   0   0  9372.1600         0.00000000     0.00000000     0.00000000
     0.00000000     0.00000000
   0
 Zincite
 QKTO
 ZnO
   4  3    1.0    0.0    1.0
  298.15000     -357458.17      4.9607550         0.00000000 -.85535000E-01
 -.10201333E-04     0.00000000
 1 0.48345000E-07   4.00
  2248.0000     -362567.38      293.39794     -48.241520     -.33974080E-02
     0.00000000     0.00000000
 2  17294726.      -2.00 -366.18964       0.50
  3000.0000     -382004.11      382.58997     -60.668000         0.00000000
     0.00000000     0.00000000
 1     0.00000000   0.00
  1.00000      1
 Willemite
 SUBLM
 0.333333     0.280000
 Zn1Zn1SiO4
  16  5    2.0    1.0    4.0
  50.000000     -1661587.0     -1.5060166         0.00000000     0.00000000
     0.00000000     0.00000000
 3 -.44895583E-04   4.00 0.52518500E-06   5.00 -.20000000E-08   6.00
  298.15000     -1661252.2     -74.259761      22.069627     -.48615739
 0.44937783E-03     0.00000000
 2 -.39874000E-06   4.00 0.19984450E-09   5.00
  1800.0000     -1679710.8      1183.8110     -181.97936     -.67948160E-02
     0.00000000  1264278.4
 2 -2742.7372       0.50 -24261458.      -2.00
  3000.0000     -1734359.4      1509.6122     -221.60000         0.00000000
     0.00000000  19206615.
 1 -3431.5417       0.50
  3000.0000     -1755738.9      1296.6475     -201.66909         0.00000000
     0.00000000     0.00000000
 1     0.00000000   0.00
     0.000000     0.000000
   2
  1.00000      1.00000
   1   1
 Zn
 Zn
   1
   1
 Si_solid(s)
   1  3    0.0    1.0    0.0
  1685.0000     -8156.5395      137.08626     -22.809187     -.19353432E-02
     0.00000000  176496.04
  2500.0000     -7247.8181      131.65735     -22.103566     -.21078338E-02
     0.00000000     0.00000000
  2500.0000     -20421.779      214.11629     -32.642735         0.00000000
     0.00000000     0.00000000
 SiO2_Quartz(l)(s)
   4  6    0.0    1.0    2.0
  50.000000     -917613.25     0.80990007E-01     0.00000000     0.00000000
     0.00000000     0.00000000
 2 -.10168083E-04   4.00 0.75628000E-07   5.00
  298.15000     -917568.75     -10.921792      3.5035011     -.84371038E-01
 -.80944167E-04     0.00000000
 2 0.24719500E-06   4.00 -.21039600E-09   5.00
  373.00000     -935388.52      536.02534     -80.011992         0.00000000
     0.00000000  1773342.0
 2 -961.10400       0.50 -81928062.      -2.00
  848.02000     -935486.56      537.07570     -80.011992     -.42200109E-02
 0.75354502E-05  1773342.0
 3 -.50458705E-08   4.00 -961.10400       0.50 -81928062.      -2.00
  3000.0000     -933814.12      533.86671     -80.011992         0.00000000
     0.00000000  1773342.0
 2 -961.10400       0.50 -81928062.      -2.00
  3000.0000     -944692.05      482.00757     -75.249303         0.00000000
     0.00000000     0.00000000
 1     0.00000000   0.00
 SiO2_Quartz(h)(s2)
   4  4    0.0    1.0    2.0
  50.000000     -915540.08     -2.6658093         0.00000000     0.00000000
     0.00000000     0.00000000
 2 -.10168083E-04   4.00 0.75628000E-07   5.00
  298.15000     -915495.58     -13.668592      3.5035011     -.84371038E-01
 -.80944167E-04     0.00000000
 2 0.24719500E-06   4.00 -.21039600E-09   5.00
  3000.0000     -933315.35      533.27854     -80.011992         0.00000000
     0.00000000  1773342.0
 2 -961.10400       0.50 -81928062.      -2.00
  3000.0000     -944193.28      481.41940     -75.249303         0.00000000
     0.00000000     0.00000000
 1     0.00000000   0.00
 SiO2_Tridymite(l)(s3)
   4  5    0.0    1.0    2.0
  50.000000     -914643.58     -.44246527         0.00000000     0.00000000
     0.00000000     0.00000000
 3 -.25000000E-04   4.00 0.40163700E-06   5.00 -.20477600E-08   6.00
  298.15000     -914628.53     -4.6422591      1.5872765     -.65441287E-01
 -.13354133E-03     0.00000000
 2 0.33803750E-06   4.00 -.27740200E-09   5.00
  390.15000     -945992.95      500.41935     -75.372668     -.91038535E-01
 0.20563620E-03  2979047.5
 2 -.17418275E-06   4.00 -.15970769E+09  -2.00
  3000.0000     -944452.31      481.90888     -75.372668         0.00000000
     0.00000000  2979047.5
 1 -.15970769E+09  -2.00
  3000.0000     -940639.95      475.94703     -74.746148         0.00000000
     0.00000000     0.00000000
 1     0.00000000   0.00
 SiO2_Tridymite(h)(s4)
   4  4    0.0    1.0    2.0
  50.000000     -914083.56     -2.1959629         0.00000000     0.00000000
     0.00000000     0.00000000
 3 -.25000000E-04   4.00 0.40163700E-06   5.00 -.20477600E-08   6.00
  298.15000     -914068.50     -6.3957567      1.5872765     -.65441287E-01
 -.13354133E-03     0.00000000
 2 0.33803750E-06   4.00 -.27740200E-09   5.00
  3000.0000     -944111.18      480.75283     -75.372668         0.00000000
     0.00000000  2979047.5
 1 -.15970769E+09  -2.00
  3000.0000     -940298.83      474.79098     -74.746148         0.00000000
     0.00000000     0.00000000
 1     0.00000000   0.00
 SiO2_Cristobalite(l)(s5)
   4  5    0.0    1.0    2.0
  50.000000     -914791.78     -.66566346E-01     0.00000000     0.00000000
     0.00000000     0.00000000
 3 -.25000000E-04   4.00 0.40163700E-06   5.00 -.20477600E-08   6.00
  298.15000     -914776.73     -4.2663602      1.5872765     -.65441287E-01
 -.13354133E-03     0.00000000
 2 0.33803750E-06   4.00 -.27740200E-09   5.00
  535.15000     -926547.68      571.80289     -83.513598     -.10104998E-01
 0.20917698E-04  1227680.0
 3 -.16237635E-07   4.00 -1498.7720       0.50 -46678699.      -2.00
  3000.0000     -926070.14      569.00482     -83.513598         0.00000000
     0.00000000  1227680.0
 2 -1498.7720       0.50 -46678699.      -2.00
  3000.0000     -945002.70      491.21444     -76.410226         0.00000000
     0.00000000     0.00000000
 1     0.00000000   0.00
 SiO2_Cristobalite(h)(s6)
   4  4    0.0    1.0    2.0
  50.000000     -913415.65     -2.7010638         0.00000000     0.00000000
     0.00000000     0.00000000
 3 -.25000000E-04   4.00 0.40163700E-06   5.00 -.20477600E-08   6.00
  298.15000     -913400.60     -6.9008576      1.5872765     -.65441287E-01
 -.13354133E-03     0.00000000
 2 0.33803750E-06   4.00 -.27740200E-09   5.00
  3000.0000     -924997.14      566.99970     -83.513598         0.00000000
     0.00000000  1227680.0
 2 -1498.7720       0.50 -46678699.      -2.00
  3000.0000     -943929.69      489.20931     -76.410226         0.00000000
     0.00000000     0.00000000
 1     0.00000000   0.00
 SiO2_coesite(s7)
   4  4    0.0    1.0    2.0
  50.000000     -913690.78     -.39226121         0.00000000     0.00000000
     0.00000000     0.00000000
 3 -.81098333E-05   4.00 0.57757500E-07   5.00 -.18363567E-10   6.00
  298.15000     -913719.13      2.5810715     -.55747778     -.70000300E-03
 -.38006467E-03     0.00000000
 2 0.84511667E-06   4.00 -.68763500E-09   5.00
  3000.0000     -937124.16      524.99143     -78.900000         0.00000000
     0.00000000  2532500.0
 2 -654.00000       0.50 -.13750000E+09  -2.00
  3000.0000     -942840.26      487.07186     -75.382690         0.00000000
     0.00000000     0.00000000
 1     0.00000000   0.00
 SiO2_stishovite(s8)
   4  4    0.0    1.0    2.0
  50.000000     -869329.39     -1.7626504         0.00000000     0.00000000
     0.00000000     0.00000000
 3 -.43028417E-05   4.00 0.69899000E-07   5.00 -.39600667E-09   6.00
  298.15000     -869366.24      6.4125737     -2.4824364     0.57901807E-01
 -.36291933E-03     0.00000000
 2 0.49669250E-06   4.00 -.24515550E-09   5.00
  3000.0000     -887197.90      599.64197     -85.780000         0.00000000
     0.00000000  1802500.0
 2 -1382.0000       0.50 -75183333.      -2.00
  3000.0000     -903793.57      526.56270     -79.088214         0.00000000
     0.00000000     0.00000000
 1     0.00000000   0.00
 Zn_solid(s)
   1  2    1.0    0.0    0.0
  1000.0000     -6832.4901      108.04852     -21.980430     -.44352990E-02
 -.55097997E-06 -21533.868
  1001.0000     -10737.869      171.87601     -31.380000         0.00000000
     0.00000000     0.00000000
 ZnO_Zincite(s)
   4  4    1.0    0.0    1.0
  50.000000     -357377.40     -.45058247         0.00000000     0.00000000
     0.00000000     0.00000000
 3 -.63007833E-05   4.00 -.58266500E-07   5.00 0.10077567E-08   6.00
  298.15000     -357319.79     -17.419773      5.6034930     -.14387789
 0.10458017E-03     0.00000000
 2 -.69473833E-07   4.00 0.38495850E-10   5.00
  3000.0000     -362567.38      293.39794     -48.241520     -.33974080E-02
     0.00000000     0.00000000
 2  17294726.      -2.00 -366.18964       0.50
  3000.0000     -398141.02      438.17117     -66.950705         0.00000000
     0.00000000     0.00000000
 1     0.00000000   0.00
 Zn2SiO4_Willemite(s)
   4  5    2.0    1.0    4.0
  50.000000     -1661587.0     -1.5060169         0.00000000     0.00000000
     0.00000000     0.00000000
 3 -.44895583E-04   4.00 0.52518500E-06   5.00 -.20000000E-08   6.00
  298.15000     -1661252.2     -74.259761      22.069627     -.48615739
 0.44937783E-03     0.00000000
 2 -.39874000E-06   4.00 0.19984450E-09   5.00
  1800.0000     -1679710.8      1183.8110     -181.97936     -.67948160E-02
     0.00000000  1264278.4
 2 -2742.7372       0.50 -24261458.      -2.00
  3000.0000     -1734359.4      1509.6122     -221.60000         0.00000000
     0.00000000  19206615.
 1 -3431.5417       0.50
  3000.0000     -1755738.9      1296.6475     -201.66909         0.00000000
     0.00000000     0.00000000
 1     0.00000000   0.00
 O2(g)                   #
   4  4    0.0    0.0    2.0
  1000.0000     -5219.3324     -12.179856     -26.924057     -.84893408E-02
 0.11276942E-05 -114664.63
 1 -316.64663       0.50
  4000.0000     -389938.78      638.67678     -89.681327     0.72372244E-03
     0.00000000  9341343.0
 2 -16506.149       0.50  95803.960      99.00
  6000.0000     -8951197.1      2742.7612     -249.17312         0.00000000
     0.00000000 0.59248921E+09
 2 -139742.68       0.50  1674792.2      99.00
  6000.0000     -42014.302      116.92408     -44.371534         0.00000000
     0.00000000     0.00000000
 1     0.00000000   0.00
 Si_solid(s)             #
   1  3    0.0    1.0    0.0
  1685.0000     -8156.5395      137.08626     -22.809187     -.19353432E-02
     0.00000000  176496.04
  2500.0000     -7247.8181      131.65735     -22.103566     -.21078338E-02
     0.00000000     0.00000000
  2500.0000     -20421.779      214.11629     -32.642735         0.00000000
     0.00000000     0.00000000
 Zn_solid(s)             #
   1  2    1.0    0.0    0.0
  1000.0000     -6832.4901      108.04852     -21.980430     -.44352990E-02
 -.55097997E-06 -21533.868
  1001.0000     -10737.869      171.87601     -31.380000         0.00000000
     0.00000000     0.00000000
 ZnO(s)                  #
   1  1    1.0    0.0    1.0
  6001.0000         0.00000000     0.00000000     0.00000000     0.00000000
     0.00000000     0.00000000
 SiO2(s)                 #
   1  1    0.0    1.0    2.0
  6001.0000         0.00000000     0.00000000     0.00000000     0.00000000
     0.00000000     0.00000000
